5.755923275409301487e-01 3.452983734850794684e-01 1.029490545954364449e-02 4.968638506770608164e-03 3.055392056980868465e-02 1.947256361868772217e-03 2.325500844535641383e-03 1.784454209590730827e-03 1.739356240548545120e-03 1.982152422447166704e-03 2.351335156652498669e-03 1.871910372857767948e-03 2.376216418043941916e-03 2.608459785445504248e-03 2.241332679453264445e-03 5.496647596807923948e-04 1.924039498602279907e-03 2.562680458350275175e-03 1.553799494079974005e-03 3.561384147682939566e-03 1.912291588028046819e-03
2.755048304189822161e-01 4.951043772199100190e-01 1.190999239797193437e-02 5.697366616749024830e-03 1.252385626371963212e-01 2.820840193921524911e-03 3.550477735147476114e-03 4.241641374394578695e-03 4.276465730845194387e-03 2.708446611761902365e-02 3.177240220429320642e-03 3.772566451912116002e-03 2.535922846031418015e-03 6.403795246057619912e-03 5.643424698682288423e-03 1.443283284416269682e-03 3.163767875979033289e-03 3.592782509134187594e-03 8.511933126555622925e-03 5.296553449013950872e-03 1.029709849050760000e-03
4.203653746435011551e-01 2.510681907749790498e-01 1.488492357842451271e-02 9.635129183971991376e-03 2.047776634396174245e-01 3.035617768202140791e-03 4.567525672834554795e-03 5.030374335220802288e-03 5.814931209102349764e-03 2.703015792085650126e-02 3.854001564845172933e-03 3.928837818393093873e-03 3.982145554306284335e-03 6.570346308336253577e-03 5.678538397253601010e-03 2.282514727617012892e-03 4.980747417028408980e-03 4.945088252848769961e-03 8.617764469931121774e-03 6.328787563966292717e-03 2.621339398763156050e-03
3.457937595529974040e-01 5.081600824111640602e-01 6.889070654443738527e-03 3.399455558991211403e-03 7.119990268529061139e-02 1.853810843586167940e-03 3.079207698473221139e-03 3.410691327130230439e-03 3.071926140373409508e-03 1.742419177726138232e-02 2.676909259225119121e-03 2.424323053446344935e-03 3.042277208017617803e-03 3.836011361324488840e-03 3.848355989942377122e-03 1.106348099001146961e-03 3.069833691863254731e-03 3.786361119687380473e-03 5.482475489299721075e-03 4.646961092304962952e-03 1.798044986176563099e-03
4.982799851174520844e-01 3.847031275113843574e-01 1.339841155229497954e-02 2.246995673385991394e-03 6.180690424199830613e-02 1.537651369409297761e-03 2.132487402491382422e-03 1.914320408075350158e-03 2.313770460073109967e-03 7.685038672177125531e-03 1.986672246016229181e-03 1.770035789667804985e-03 2.148954530683685592e-03 3.332917583704665242e-03 2.554317420505441191e-03 5.538204544039824389e-04 1.922926690555498350e-03 2.366866961935078489e-03 3.445911618858199781e-03 2.881937434804571468e-03 1.016946860123525047e-03
7.076002612296539152e-01 2.005210913893976932e-01 1.469602976137169940e-02 3.521841858577104759e-03 2.777539558246733611e-02 1.682814501766117295e-03 2.690927197688463331e-03 2.808483163122146072e-03 2.854523550601762837e-03 5.879169468888224316e-03 2.290285935228793257e-03 1.766972977407575566e-03 2.747816677502248027e-03 2.806181238848530837e-03 3.094857665074576911e-03 9.231489512697885723e-04 3.086197897470778842e-03 3.401506561541933933e-03 3.248871354990498332e-03 4.662868853855391474e-03 1.940754183275630179e-03
7.339703653656226567e-01 1.457422691788370361e-01 2.385540052401079539e-02 7.406289519157649957e-03 5.736029797065704539e-02 1.427171529907143204e-03 2.211282712490342077e-03 1.783551931688068248e-03 1.939538737281591664e-03 3.302025816865517167e-03 1.623572025154072177e-03 1.358895977625103856e-03 1.857584972849989167e-03 2.671651650787347336e-03 2.140705417099210330e-03 6.065268059872842106e-04 2.194424523140459712e-03 2.265886656075387969e-03 1.909905078557360856e-03 3.196928577451542235e-03 1.175725028753990802e-03
6.423119103798263785e-01 1.873651102271085833e-01 4.400394889049726033e-02 5.913494403664181984e-03 8.849258863920153595e-02 1.603777240736457919e-03 2.002950044551574972e-03 1.396720699736473791e-03 2.491292302390619908e-03 2.392556297038446467e-03 1.971721790986440907e-03 1.757337002935838513e-03 2.179619245377017143e-03 3.485353496526666633e-03 2.080772126292717000e-03 4.151059402557630913e-04 1.769297424181268423e-03 1.967033795085385527e-03 2.515958081542498011e-03 2.570642855319883648e-03 1.312809116745291887e-03
3.012893379972538255e-01 1.120673897219515019e-01 5.544776809980772603e-02 1.022337573064623084e-02 4.622819736406486024e-01 1.453107979453068486e-03 2.108404767577143693e-03 1.909091541949254267e-03 5.719607238975990722e-03 1.364195781561807624e-02 1.959719354884551824e-03 1.838441742554017743e-03 2.017906848800832004e-03 5.731503403230725491e-03 3.368928097356169767e-03 5.923276408272394947e-04 2.357121057387541116e-03 2.328825681866170810e-03 9.604012744140719843e-03 3.121945674638730833e-03 9.372532204320260189e-04
3.446740066294795013e-01 5.021059903312068418e-01 1.084353144612416192e-02 2.760028254861314652e-03 9.877053740867665355e-02 1.638231147874556976e-03 2.036815625880104667e-03 1.932395227718667003e-03 2.141534229217505712e-03 1.039211562437745290e-02 1.711011243331707777e-03 1.958595520903497027e-03 1.570793928478752665e-03 3.619138367459888515e-03 2.750036725299920791e-03 5.953298362373462063e-04 1.650013051693499178e-03 1.910334866033037895e-03 3.564699223051441199e-03 2.792332319056394820e-03 5.825289930380708444e-04
4.482514411591123626e-01 3.820637105631211616e-01 2.237704271179073029e-02 5.322785413317480951e-03 3.100201110134911606e-02 3.418376682781014766e-03 4.088403296293675361e-03 4.884633399971127603e-03 1.176490047310120926e-02 1.776753793133233755e-02 5.724246780276442091e-03 4.271103633603662644e-03 5.860002280464264232e-03 4.652731734045359446e-03 6.467738401800688861e-03 1.282320309752439397e-03 6.239269103566910668e-03 7.164426282111549180e-03 1.148883363713848471e-02 9.620399598430189048e-03 6.288085506639957967e-03
3.774416486718776276e-01 5.560489308211101767e-01 6.275448175079383593e-03 2.327592603593393872e-03 1.679086380724685232e-02 2.144938528271146758e-03 2.607419445331588589e-03 2.143698800396720127e-03 2.100256971261082843e-03 3.102044432641358051e-03 3.057205273727048311e-03 2.319529015891228733e-03 2.936714657733309648e-03 2.723886025374073518e-03 2.822855703829683753e-03 6.035498782610102409e-04 2.259642723671123534e-03 3.431624605824437364e-03 1.940875952140472260e-03 4.376783489364055764e-03 2.544490417373468632e-03
6.315028696179032508e-01 2.381942299435370614e-01 4.656891281524738052e-02 2.441694026874054527e-02 2.420084043603928231e-02 3.152486239083928787e-03 2.221306486567036376e-03 1.262608276302576438e-03 2.512668115248234586e-03 1.011714532903386062e-03 3.051500128301299665e-03 2.621321953717315866e-03 2.672092995409881735e-03 3.775478109511910471e-03 2.032264345308294751e-03 4.330045864713292537e-04 1.686006854189487899e-03 2.176794791574672688e-03 1.497321066795452875e-03 2.812654305187438624e-03 2.196984131959701762e-03
8.001551830009733246e-01 9.672412270423209890e-02 3.156114177800947024e-02 4.858746055716779005e-03 1.078522680030532394e-02 3.146723228719314029e-03 3.187152332563177471e-03 2.639852816999865587e-03 4.250902944396748283e-03 2.992388966662117445e-03 4.011962941956026193e-03 3.710823877377574919e-03 4.201829991042484863e-03 3.801144668771077803e-03 3.414590406374484743e-03 8.321402574636166003e-04 3.031924023951717423e-03 3.857911291009564862e-03 3.469708299157855773e-03 4.733540156305578346e-03 4.632983458011974073e-03
4.156481133252465932e-01 3.835517399220750856e-01 7.828975021465431339e-02 7.397225170807050255e-03 7.124680804757098362e-02 2.571845092872507982e-03 1.962653932972928048e-03 1.433353208277503808e-03 5.464432809047785333e-03 2.061979963586856816e-03 3.816761182649289468e-03 2.655937391973072631e-03 3.103262038141273854e-03 5.425278082575229165e-03 2.818523771718809377e-03 3.137106174469669038e-04 1.741303061417979678e-03 2.451421179829137327e-03 3.191044260468609874e-03 2.999633611233255663e-03 1.855223115434851159e-03
5.075243350502347539e-01 3.775191320419941654e-01 4.066233283752967997e-02 2.929045430837625037e-03 1.870854874277418436e-02 3.710494857810189579e-03 2.749020542293251559e-03 1.625870392053598967e-03 4.679373852663452557e-03 2.899360124306081185e-03 4.604657006745770456e-03 4.220309775487558063e-03 3.899712810974423956e-03 5.978287031715446773e-03 3.203829026685952111e-03 4.035907182525195840e-04 2.203279953481909140e-03 3.300834327838979374e-03 3.444861947188427101e-03 3.161210344930448588e-03 2.571913184201962167e-03
1.512395338283765711e-01 5.304350944661602174e-01 7.948387606854692700e-03 2.354097549550506537e-03 1.707766899239950009e-02 6.745282724277571092e-03 7.322444248695667360e-03 1.030574213081002569e-02 1.582942257904799283e-02 8.262118358993245093e-02 1.553131712061165889e-02 1.083918758697315077e-02 1.420032169489186639e-02 1.028693878247425274e-02 1.709928478626801529e-02 2.448147578221694393e-03 1.199072424978303054e-02 2.026819633290307884e-02 2.647457054033639998e-02 1.760133603043279385e-02 2.138111758099897272e-02
2.347445998476767604e-01 6.651506704298314476e-01 7.268511589875271094e-03 3.113660103214306758e-03 9.707876664730790209e-03 4.898111041324836046e-03 4.201364232297101660e-03 3.086611142207081569e-03 4.206315889449977613e-03 5.765234119573624597e-03 7.256598465709877301e-03 6.728460889915148860e-03 6.014594505577456479e-03 5.539976979835558452e-03 5.350723909081121950e-03 8.130629639274113358e-04 3.114079102708896141e-03 6.508948908344355973e-03 3.975872711598482483e-03 5.801943876068942595e-03 6.752782627051119937e-03
5.898150035576098515e-01 2.301633591499915865e-01 2.718949431957573548e-02 8.883105669816853539e-03 3.311104759246191048e-02 3.669087559093596636e-03 4.289761349799588175e-03 5.036544582337740099e-03 1.258731812034082423e-02 1.645881890082580290e-02 5.237739913206936222e-03 4.598413626169270060e-03 5.584254767794934703e-03 4.504068197572570244e-03 6.126400406081552660e-03 1.567757143966187847e-03 6.444912038053409072e-03 6.390603478773950082e-03 1.188959872944602390e-02 9.579637289636108721e-03 6.873073607446191814e-03
5.375766094226520388e-03 1.169014517495638693e-03 7.400141215178543657e-04 2.114316927152349885e-03 5.281804179591634285e-03 2.113003374227464537e-01 4.937394247986885698e-02 2.319265009890252027e-02 3.743216807320558920e-02 3.204731989739504489e-02 6.229991014220546963e-02 2.729233541264827201e-01 2.054132751996440298e-02 4.221393605805981442e-02 2.088476115717510448e-02 6.331495097278243105e-03 9.934549287844973708e-02 3.744693154382396777e-02 1.797043008656730792e-02 3.251019751545480146e-02 1.950483006243582812e-02
2.460877935793166216e-01 6.438311618202777753e-01 1.160779204078821354e-02 5.980391381482021151e-03 7.178947530634345597e-02 1.945353081266221976e-03 1.509848272242436326e-03 9.182277111463663793e-04 1.072504680211228004e-03 1.068382029741058240e-03 1.206782333056177683e-03 2.059628607181338607e-03 1.124144344124096721e-03 2.854612294151404051e-03 1.732993675692283755e-03 2.886294193144010628e-04 7.655348258422283760e-04 8.949473062538956109e-04 9.121215356629002163e-04 1.951380902720046455e-03 3.982948531862168175e-04
5.145174060331834109e-01 3.157887168206395256e-01 6.959926414667276517e-02 9.425839167365375124e-03 6.562745111896373107e-02 1.470113351485108702e-03 1.420513751994878461e-03 1.074845822059914986e-03 2.227617359313968214e-03 1.408586953416710030e-03 1.735624185841564424e-03 1.370245763740755070e-03 1.561740805799677030e-03 3.172067290653617262e-03 1.932682515780052152e-03 2.647935259303670573e-04 1.231368723425682035e-03 1.569858143823623731e-03 1.738071120594620765e-03 2.151664227225469524e-03 7.115291720890471383e-04
1.991669507206942635e-01 6.471090956858341903e-01 6.176412825154824204e-02 8.212978882899525310e-03 4.861983317064812876e-02 2.612725312435342125e-03 1.746063198477145481e-03 1.239882013364928181e-03 3.471098356993200344e-03 1.194367875478384447e-03 2.761707029423421129e-03 2.719850729637145626e-03 2.032401266615656288e-03 5.108313540623180514e-03 3.140363150313743405e-03 2.600243680226485186e-04 1.221572830244691335e-03 1.842007385540701900e-03 1.839806546973543535e-03 3.100316937518536424e-03 8.365127467139233091e-04
2.808535597985172827e-01 6.547769181576268416e-01 8.578647852916052030e-03 1.738339301076805401e-03 2.038673530612106558e-02 2.792139711887963414e-03 2.006820861890535809e-03 1.561011062574216811e-03 2.183747670464001363e-03 2.761733401314572008e-03 2.574782633011393155e-03 2.937873947812040792e-03 2.192779810186747287e-03 3.575792699993686225e-03 2.452837982911788665e-03 4.090196574414166233e-04 1.231790983427419545e-03 1.758160821278204880e-03 1.837463369534906264e-03 2.595119332442127977e-03 7.947256375709324961e-04
1.654648179537903940e-01 4.807970161345274107e-01 6.531640623634517306e-02 2.865624202184605465e-02 2.057863548140314303e-01 3.348796373604895522e-03 2.717506437996317775e-03 1.941540774434383221e-03 4.604042445840892880e-03 2.104364988676942893e-03 3.285994761754967679e-03 4.173742434761148340e-03 2.594688812594595721e-03 9.238677723097013517e-03 5.498857374613903490e-03 5.047565275458216734e-04 1.849455542960298533e-03 2.621166289038871691e-03 3.708308048999923046e-03 4.646808842998361756e-03 1.140455460540996252e-03
2.993096372160184426e-01 3.434065331958867651e-01 1.558780604264368708e-01 4.354422152495879272e-02 1.210503965033657564e-01 2.504960574300064188e-03 1.894144550844663885e-03 1.302122775986472953e-03 3.682463618259178631e-03 1.250391137612592548e-03 2.361976886997918263e-03 2.679763775172052352e-03 2.086280504578883269e-03 5.800903138808190251e-03 3.053879577457055058e-03 4.356177081133144721e-04 1.359371649241337618e-03 1.782910080041492061e-03 2.433622449947592942e-03 3.130678996740742914e-03 1.052063709231699628e-03
3.479342835789164257e-01 3.783347256858736740e-01 1.554300198589080584e-01 5.741332337335083857e-02 2.570394980753219066e-02 3.687265172852766722e-03 2.069296872199913404e-03 1.092818707655651917e-03 3.001239687971715350e-03 7.774748460567517880e-04 2.797531617480265072e-03 3.301517291293591585e-03 2.480563393226274758e-03 4.659803350786835899e-03 2.273719189401095069e-03 5.690331772207954776e-04 1.308508653062538619e-03 1.729622627412906889e-03 1.221958984690341620e-03 2.504468742208545637e-03 1.708875381898736267e-03
2.287793444619132255e-01 5.343017403584994218e-01 2.644552259039428810e-02 5.820715900152487882e-03 1.645380772102947586e-01 2.132937229521720754e-03 1.998419743748390976e-03 1.655526813798029228e-03 3.130655151183458530e-03 4.430046887190845946e-03 2.221743760918893848e-03 2.530833089821178834e-03 1.730019270255276449e-03 5.260093201850121226e-03 3.633059036688918511e-03 3.880245340983909451e-04 1.531166915027772340e-03 1.979223390301555838e-03 3.692127189416678865e-03 3.186934376729075660e-03 6.137888881961806519e-04
2.711588302410467555e-01 4.364803106573290625e-01 1.370192266380280133e-01 9.739433665997148520e-03 9.699936964144292850e-02 2.776701965406623042e-03 1.971060882295573580e-03 1.353710645553129772e-03 6.863751292282597831e-03 2.164176687093237201e-03 3.444182133079324963e-03 3.124371288973085397e-03 2.693289168714889902e-03 7.517200836670572157e-03 3.712668435608456989e-03 3.186380165428100305e-04 1.667586420290728417e-03 2.379421704358484352e-03 4.129971488110785807e-03 3.256445881858582424e-03 1.229652309317110469e-03
3.159826290895521583e-01 2.453514828439821438e-01 1.381963588316443281e-01 6.140758960186342569e-02 1.966849083351812078e-01 2.597906251126208890e-03 2.267857421528006370e-03 1.713687380783120292e-03 3.914216929808390748e-03 1.997439152886424166e-03 2.627926128968209422e-03 2.800718954386757342e-03 2.271789881939881121e-03 6.025545849470354508e-03 3.540329656757703388e-03 6.636124620056208824e-04 1.792220222792690080e-03 2.275126744806415906e-03 3.196970512417314676e-03 3.446781088592304823e-03 1.244902659507284058e-03
2.577253848013842386e-01 6.420725889370164363e-02 2.219913736007535499e-01 1.018714066249202556e-02 1.442051663408516760e-01 5.507552039551506795e-03 5.066621036660564660e-03 5.389391242730748148e-03 9.395979247025187941e-02 2.513858870616964003e-02 1.155097469526881679e-02 9.380497576577571939e-03 1.099977909599013370e-02 1.242485209529572802e-02 8.748862491064641686e-03 1.540625035607342706e-03 7.924986702556025692e-03 9.142231354838511667e-03 7.440658064780747427e-02 7.834957695533502353e-03 1.266738281491287116e-02
4.773128444567105721e-01 4.559942814444247206e-01 9.264207750255682230e-03 2.115000082805735919e-03 1.410357650545985067e-02 2.151560050888456487e-03 2.302289532168383911e-03 2.240739539332243634e-03 2.759163873933691714e-03 3.463814167189060728e-03 3.170042539722483805e-03 2.234083031694739704e-03 3.169025505037644744e-03 2.943794595963856401e-03 2.859323902709225065e-03 5.369321129067498692e-04 1.967435569932366943e-03 3.059414109916389676e-03 2.462915777919546904e-03 3.742596101942544193e-03 2.146959349087165791e-03
3.731528538689521390e-01 4.603030595983798601e-01 7.359735206812292180e-03 3.984390531840156097e-03 9.579335742572294907e-03 3.980456411413698520e-03 4.882560261081417101e-03 7.425261945679530184e-03 8.156933383178093314e-03 2.562245887014068940e-02 7.383969759856731131e-03 5.960554896817067509e-03 8.086811487272515045e-03 4.435991879733672434e-03 1.015058652790724533e-02 2.335344038721956245e-03 8.032208852874089811e-03 1.084008829939500825e-02 1.190198516674359670e-02 1.415285764647038896e-02 1.227255562415756167e-02
3.184202935413371072e-01 6.099545470246127143e-01 6.719026166521424592e-03 1.988092610184450607e-03 2.109453542730021017e-02 2.580481404515710779e-03 2.602666323287173948e-03 1.896840088913836044e-03 2.178598827587234759e-03 3.654972233191300726e-03 3.381462251465113499e-03 2.793812127927655566e-03 3.053193685820521953e-03 3.924201084523517950e-03 2.877934418061782202e-03 5.114553534403985455e-04 1.836967686750852697e-03 3.124181421564709536e-03 2.399424390526825115e-03 3.069743630632597569e-03 1.937570301834605057e-03
1.328046966369262616e-01 4.821760183862685012e-01 2.940446266308285178e-02 8.202478113372234370e-03 2.537577274247642678e-01 4.422824754075669641e-03 3.606453854938292385e-03 3.084312649885540859e-03 1.012921697130646399e-02 7.474353238657657425e-03 5.617272540176420498e-03 6.439851861646131090e-03 3.850533448267368271e-03 1.361708168834316682e-02 9.093812949756446828e-03 6.175038424443890289e-04 2.952844083742075382e-03 4.184506285139346325e-03 1.021078046582339117e-02 6.901915647188054670e-03 1.451352494195424754e-03
4.469000244461763249e-01 2.127096432120847425e-01 2.486910478213327780e-02 3.562075649901175894e-03 5.998746838442315515e-02 3.342389287795127003e-03 4.764577204207234330e-03 5.941862718059224939e-03 1.345460225483187042e-02 1.261799611616057915e-01 5.456903961643539899e-03 5.800751218128072720e-03 6.300471127643039564e-03 9.280481399376505972e-03 7.615370780573723491e-03 1.902425589115617089e-03 6.166054735516259683e-03 7.032448474116871802e-03 3.854499248552729906e-02 6.894274882489233314e-03 3.294116244651625492e-03
2.527133618089933975e-01 6.296422493543358812e-01 7.368964251246172721e-03 4.005349759453238206e-03 9.819053840401725103e-03 3.458565463104728427e-03 3.986009454242945768e-03 4.750619362109805878e-03 5.324182910862944318e-03 9.844348779331296706e-03 7.053611777325540302e-03 4.455680514768001720e-03 6.526577732511875361e-03 4.031642484309745297e-03 7.152633537567176791e-03 1.326312935833791383e-03 4.845195900399936959e-03 8.824968353847814639e-03 5.695343966329338009e-03 1.048381135979433408e-02 8.691516453231106984e-03
4.470899343067409326e-01 4.107351544456666059e-01 2.098659469252731405e-02 4.224100849077860702e-03 3.047628994783298240e-02 4.659872021209942455e-03 3.875745742261512122e-03 3.174171120326642250e-03 6.533737706417095358e-03 6.347622456077251299e-03 7.673463327958867687e-03 6.153032724296436315e-03 6.666607582350915495e-03 7.368004268077718057e-03 5.487003153551071877e-03 8.054627341534764630e-04 3.444647805179896181e-03 6.091033901495178891e-03 6.568397210212415308e-03 5.249424427252051377e-03 6.389699577333522555e-03
5.402125133889333908e-01 3.286392092934361520e-01 1.568885993659186948e-02 3.356248741821549978e-03 5.060344551372005645e-02 2.714747496659566332e-03 3.060154923745912487e-03 2.732302970238556419e-03 4.221144836487248850e-03 7.547246380271679239e-03 3.840527300518223851e-03 3.917007310241296322e-03 4.461283337232270670e-03 4.623865967351371321e-03 3.755209460377632955e-03 7.721417875580728531e-04 2.657209610166601059e-03 3.720786603141666617e-03 5.859977542277333001e-03 4.093696527470167337e-03 3.522421071758415154e-03
2.768318578694868859e-01 1.205707319257158239e-01 4.499575357832534539e-02 8.992402139011475976e-03 4.981418192546832047e-01 1.613409847055554498e-03 2.121299572051506960e-03 1.606855424806859093e-03 5.783898029342838046e-03 6.702481819038269215e-03 2.353848879273312544e-03 2.002493606525293686e-03 2.621001148276036388e-03 5.934461566344302434e-03 3.040501234879134946e-03 4.371238498590169640e-04 2.144395255767338193e-03 2.292865387111616901e-03 7.369566112091239206e-03 3.000306933106167313e-03 1.442926567248549539e-03
1.930874898182910471e-01 1.931174422889728182e-01 1.540332209550948281e-02 7.119729711511643862e-03 1.097335743288927606e-01 1.348083352879587103e-02 1.283328331720340158e-02 1.976381365980313734e-02 4.235986738207700442e-02 1.306007615445412273e-01 1.932582198009977562e-02 2.555001573383239993e-02 1.325813104839521431e-02 3.535072637518688055e-02 2.693822327845278239e-02 5.468074493975851394e-03 1.295181411037228496e-02 1.553356969194765423e-02 7.321048946055323803e-02 2.917971310794046855e-02 5.733303043645033258e-03
4.527615381826026741e-01 9.060670507645382510e-02 3.302885377156670188e-01 2.055865674157951808e-02 6.073056804121226143e-02 3.001500069136697497e-03 1.756039566562333978e-03 8.901363154911012647e-04 7.604929689445155336e-03 1.121673734443237027e-03 3.468797347740670486e-03 3.573068943104784363e-03 3.288512587592395259e-03 7.246478108855167709e-03 2.196110877680261184e-03 2.786664043919227307e-04 1.412949420253404057e-03 1.696740893997999945e-03 3.181043335598302338e-03 2.086446515125689547e-03 2.250900433065629921e-03
7.537187915495921486e-02 3.206181205590621225e-02 2.546304659788080071e-01 9.356520809397379096e-03 9.447873843816582962e-02 8.134341701806060976e-03 5.146202998174914146e-03 4.849558203786259909e-03 2.825879530651734806e-01 1.903194173232944028e-02 2.052939407071631764e-02 1.299320750188563169e-02 1.435371622852333814e-02 2.273782906473706400e-02 1.026870806807216041e-02 1.654654800318997032e-03 8.684980234619882680e-03 1.063438121186232460e-02 8.847908333506768197e-02 7.457003964070492950e-03 1.655762738162018521e-02
1.574761440773710663e-01 1.455701092188691204e-01 2.598966910432927713e-01 1.437591527106707630e-02 2.517767891766338195e-01 4.411839132858802817e-03 3.438310797466215003e-03 2.817735298411921073e-03 4.508121827578404767e-02 9.403095863691698225e-03 7.488246605129616172e-03 6.794772197828377949e-03 5.754224100222503531e-03 2.095196874432585579e-02 9.373985201026922148e-03 6.777851546030688214e-04 3.847562713409791862e-03 4.977187469477021599e-03 3.608274217598404082e-02 7.018935887649229745e-03 2.784741594897395534e-03
1.375313178708485462e-01 4.432527500764534834e-01 3.132435230262872045e-02 1.053108952736506003e-02 2.611794372081427951e-01 4.699484460527513993e-03 4.416875879085440521e-03 4.587814390357165817e-03 1.097865456262556681e-02 1.150298616175593480e-02 6.474179561821232810e-03 7.181908368223395220e-03 4.027429439927250783e-03 1.464887467497693989e-02 1.216555341752315923e-02 8.511109974370149010e-04 3.762734804770330455e-03 5.426108337628873443e-03 1.446135860825595310e-02 9.479446833831750921e-03 1.516532515813705673e-03
2.287699651207301121e-01 1.864815817413625898e-01 2.851908174986499817e-02 1.265325576903978538e-02 3.198639216576651956e-01 4.487835913855983856e-03 6.016976825779854487e-03 6.973429350240828266e-03 1.432208165982611775e-02 8.959976026746246935e-02 6.261203721933915334e-03 6.325243559186725928e-03 5.933558140576407521e-03 1.201365301168069201e-02 9.338586205084990072e-03 2.891851168628009529e-03 7.049106620837381799e-03 7.228924220235222707e-03 3.365506763041666016e-02 8.384073269072011766e-03 3.230842396520370620e-03
3.821264860246014750e-01 4.629680033057531618e-01 1.421360874146714200e-02 3.392421738685647871e-03 6.779894776496320219e-02 3.172085066112342432e-03 3.246511102336287116e-03 2.821652839554014431e-03 4.870633118047662004e-03 8.286260183562942777e-03 4.933365437452985613e-03 4.539616036659365438e-03 4.952655459778507185e-03 5.805861785224296009e-03 4.366054956932709577e-03 7.397098589202749262e-04 2.785608378136455489e-03 4.323315143406904724e-03 6.567846140019265727e-03 4.310126030226960753e-03 3.779230888158066799e-03
1.212519498073736518e-01 1.691285030712711412e-01 5.267507796063975595e-02 1.325753415711567601e-02 3.948850778353255042e-01 6.818645537716872679e-03 5.862739086531181150e-03 5.934953691109807160e-03 4.218278298791704878e-02 1.909883779634423059e-02 1.161353773589823661e-02 1.301437973107032534e-02 7.733876911118568384e-03 2.960538754505217737e-02 1.974931833864606093e-02 1.179930816269480218e-03 6.104203258771230024e-03 8.440177414886694540e-03 5.389924828240503368e-02 1.427552150970157370e-02 3.288316524836160104e-03
4.580115483436987822e-01 1.929836779604722774e-01 1.234545947671865651e-01 9.637355887794039899e-03 1.721641143419927467e-01 2.213611362714233959e-03 1.879290681505032569e-03 1.233542915131750559e-03 5.714406764153071548e-03 2.870165913248915335e-03 2.377176152259637566e-03 2.650073086813590790e-03 2.498252549492998697e-03 6.533904223078704047e-03 2.686490707235480828e-03 3.510779321952758186e-04 1.546239386835250714e-03 1.760712709526337421e-03 5.626181674384031321e-03 2.618149432323849200e-03 1.189433207957522236e-03
9.730253762418999974e-02 5.278958433922723570e-01 1.079038307114220732e-02 6.119512240100680352e-03 2.350586082769031415e-01 6.053655568952493425e-03 5.123358111777564367e-03 5.166887296759316989e-03 9.154271605418068392e-03 1.428611958628504472e-02 7.450544086999037231e-03 9.117828997490995749e-03 4.386619320842798965e-03 1.510706115226643879e-02 1.350320527619032311e-02 1.006181576393534770e-03 4.070861502648825611e-03 5.884228302196654881e-03 1.169122777156776302e-02 9.343069157415433840e-03 1.487996082187309369e-03
2.376023072663108471e-01 2.449463290285419925e-01 5.087498406456147232e-02 4.877584111738801284e-03 8.690648733062639186e-02 9.740480207813777616e-03 7.378287050297871637e-03 9.142801175889642140e-03 5.413911304282437165e-02 5.749525054875225666e-02 2.063485218465095639e-02 1.909196641456215385e-02 1.833670745167118379e-02 1.810967109908103931e-02 1.664319446902253613e-02 2.188075842206975430e-03 9.967359768067703477e-03 1.715045489922676497e-02 7.840038559928913520e-02 1.198289904721639744e-02 2.439080939764799727e-02
1.488439861371644302e-01 9.939555749070230761e-02 1.326355708559883058e-02 9.959829879720131715e-03 6.913971399709055443e-02 2.478676086820667465e-02 2.255713909794608910e-02 2.955991130135454670e-02 8.129182566433981738e-02 1.794588298246367966e-02 6.013380814027092375e-02 6.752907491615164903e-02 2.851964018453955266e-02 4.571306883197938375e-02 6.846485082899947394e-02 3.423700403088766366e-03 2.206590035424144461e-02 3.560039874868522330e-02 4.052125426218339960e-02 9.494717734717848800e-02 1.633696147809505714e-02
1.380849260279622681e-01 4.069851443500788202e-02 1.003245125948527263e-03 9.958187277322100902e-04 5.689911908038392495e-03 7.573662931828883949e-02 4.716047226413389720e-02 6.725635587014722194e-02 1.590300319907596294e-02 1.236058433392179037e-02 6.324469023133222345e-02 1.515832824708575055e-01 2.702977226679862538e-02 3.929051227527757817e-02 9.325284162409545885e-02 1.297357791865756324e-02 3.158924853798213139e-02 4.016348594674341854e-02 9.679825755396904291e-03 1.124780693001022763e-01 1.382523246249996521e-02
6.413191787752771378e-02 2.569340783889271715e-02 5.686623322911698924e-04 1.095968743631790809e-03 3.945893847475242557e-03 3.029244892809903819e-02 5.424541922751873607e-02 2.833977131313317188e-01 6.694915014386309919e-03 3.662728878696625001e-02 4.795880094548195249e-02 7.258874181151575566e-02 1.239781170898455326e-02 2.095565593649330663e-02 6.883260467504112579e-02 5.425205030786147548e-02 4.856451073851251327e-02 3.600611479058234143e-02 1.818851898871653647e-02 1.077862949397894315e-01 5.775259428900537950e-03
1.884731433976081505e-01 2.917124817013276861e-01 4.118194620863527625e-03 3.826764737148488811e-03 7.332968251679815308e-02 2.528584941227668761e-02 2.294313953454161711e-02 3.791007075276951049e-02 1.760458916725179263e-02 5.427909791458918054e-02 2.398251584041609374e-02 4.880011805952316067e-02 1.295207277189230032e-02 2.884682998012576965e-02 4.262792944564981756e-02 1.059906245087637727e-02 1.749431410428455361e-02 1.958191970606991059e-02 2.564880931097338057e-02 4.482586397762119285e-02 5.157550597392655638e-03
1.328489424506626715e-01 3.844977448278188298e-02 9.784783224492342706e-04 1.211315408311081261e-03 1.107788254004858988e-02 3.607189198516354278e-02 3.998157710336329440e-02 1.553226222611654717e-01 1.482071524083738816e-02 5.108955659220349582e-02 5.267754681901162112e-02 9.338791353215820934e-02 1.448757372984474552e-02 2.191947820048470441e-02 9.291445547597455834e-02 2.543045852315472394e-02 3.808342876012719286e-02 4.085762693851286570e-02 2.443213798666667158e-02 1.079558616152297146e-01 6.000762031848391742e-03
2.852814416108739523e-02 3.085884209801839986e-02 8.022333745696687540e-04 3.525042251423634015e-03 5.555813720708339086e-03 2.539427157165081994e-02 5.448426187345491861e-02 2.159406181468085661e-01 9.099082912158299938e-03 1.328426726462670661e-02 7.747325849128018638e-02 5.803500064154745730e-02 2.992844368168881899e-02 4.220322523772725154e-02 1.034021767796390046e-01 1.819479523348223673e-02 3.920559524404164387e-02 6.131842883233661751e-02 2.350573411545118716e-02 1.439801592914870532e-01 1.528060507681137242e-02
1.308914199944181678e-01 3.091136400155516592e-02 1.751249649231226150e-03 1.231235320895904045e-03 5.493028246317121360e-02 1.610445088079387813e-02 1.611917319750217487e-02 4.627820857502039364e-02 2.747438007250463388e-02 3.621207199088156692e-01 1.740136746563977418e-02 4.521736917645172160e-02 9.156026995438331859e-03 2.426144346506256197e-02 4.050715900282175763e-02 1.717573884433504228e-02 2.022864757765068661e-02 1.960509583948082460e-02 8.059782575617964462e-02 3.460530032848219834e-02 3.431541484549629779e-03
2.866519394489618067e-02 1.401120708911225178e-02 3.547207120713778195e-04 8.334050701932414719e-04 9.849858470616073419e-04 6.071426184999823700e-02 9.378902297012746414e-02 1.786189948948614659e-01 6.155889404509254544e-03 6.065279665106272818e-03 5.901292689309713818e-02 9.528511055932170626e-02 2.822326612470960408e-02 4.175535628199670418e-02 6.574929520733240051e-02 4.502178312050339470e-02 7.277601928186268332e-02 4.549793751272971504e-02 6.929904769598273749e-03 1.313323505193515761e-01 1.822308828155989879e-02
3.274052158431691589e-02 1.687546284218178344e-02 1.866996845796689954e-03 4.995111056299903103e-03 8.295228435837642689e-02 1.054110599814624127e-02 2.615881890269852045e-02 1.168095646597291926e-01 3.078445775111328386e-02 8.879968969138254953e-02 6.452912568971576335e-02 3.638018573383435678e-02 1.637677185167354943e-02 3.234686846328956727e-02 1.046068869243697436e-01 7.323525697284081169e-03 2.360407725884370797e-02 4.967271493344100480e-02 1.473523375586534567e-01 9.736308478485401763e-02 7.920407413999352997e-03
8.414504954584633989e-02 3.394534707726671457e-02 5.115441156139553195e-04 9.395353009438220772e-04 1.790589298401407733e-03 7.116878451394623162e-02 7.477099263824406317e-02 1.253393888743194740e-01 7.029437199770936263e-03 8.005142368956510990e-03 5.921197161809271803e-02 1.254144332868989409e-01 2.318204429949866432e-02 3.003940555001539947e-02 7.332891586055360900e-02 3.378390299348267567e-02 5.156949075928746878e-02 3.893430838586591641e-02 6.032111605298304258e-03 1.371317883071994370e-01 1.372581640049764205e-02
4.554507638453954010e-01 2.654938966124816835e-01 1.289643651292765592e-02 8.223027525489350759e-03 2.317751592987263853e-01 1.344084593912523058e-03 1.764172320871691029e-03 1.191902104983997516e-03 1.450119954718399103e-03 3.674617013387184838e-03 1.238698524695612795e-03 1.503028414625818274e-03 1.451522130248422519e-03 3.102769601638628687e-03 1.781069170160060663e-03 4.265501749513992205e-04 1.249176213056374472e-03 1.271056410944658519e-03 1.896888998467210390e-03 2.123685677175842466e-03 6.913749011419577373e-04
1.515424598255437350e-01 7.621433069169258889e-01 3.300718276189912315e-03 1.754996823709291300e-03 1.616906944419801984e-02 2.462498036101350672e-03 3.584331993195554508e-03 3.794728250942838808e-03 2.234600112655945985e-03 1.782608355981208162e-02 3.080337221969445261e-03 3.562340555781220303e-03 3.279527509619926950e-03 3.934433666747578356e-03 3.953568906053773861e-03 1.202789342506087409e-03 2.547720636882952906e-03 3.871845678353420805e-03 3.737225211678970194e-03 4.321498673825986334e-03 1.695919357306360873e-03
5.754407105007827150e-01 2.444099901360651528e-01 6.974057720515696238e-03 4.104945434424984302e-03 1.355247901111908404e-01 1.363823931436826441e-03 2.343459341142152715e-03 1.864206442527274570e-03 1.448003604126518783e-03 6.166324250932322601e-03 1.419605504128642910e-03 1.626369556378019299e-03 1.850043262317272721e-03 2.782203014016875354e-03 2.087679612932638509e-03 7.663362586507171123e-04 1.813348411149768961e-03 1.868060585530452846e-03 2.233664726328419507e-03 2.791015934526478327e-03 1.121361660896849806e-03
3.450173660204212678e-01 5.171649330789452881e-01 5.726831461752614379e-03 3.306293329318272384e-03 1.658050914352425867e-02 2.184845939575960367e-03 3.952935199958731299e-03 6.259272331883808382e-03 5.524072946505277464e-03 3.291410561589842854e-02 4.112180298959805698e-03 3.072058184176573638e-03 5.002243612464426364e-03 3.326638912237377902e-03 6.806939597672128500e-03 1.954942547883616825e-03 6.246208457740529997e-03 7.042153606887453267e-03 9.346471573214257603e-03 1.008230687960708777e-02 4.376691261372797799e-03
2.425627378552971114e-01 3.129565839929940863e-01 2.372201522415183852e-02 2.090371689540806988e-02 2.027346088991736350e-01 7.448467974153564521e-03 1.040561514703159871e-02 1.216792112339795673e-02 1.107434291247117418e-02 4.144595903633139372e-02 8.488371001074619324e-03 9.444619688425318071e-03 8.007899123365145103e-03 1.391522129124651147e-02 1.282962658420093438e-02 6.530206628902787691e-03 1.058790716620910781e-02 1.069796363734162696e-02 1.480530427748524142e-02 1.371220599573097151e-02 5.558705545607814727e-03
5.174247580233128779e-02 8.168350647951200250e-01 2.449194832846044324e-03 2.476932448785413611e-03 7.754862829665192837e-03 3.306771306070038254e-03 5.112321928160710148e-03 7.858721227799141465e-03 4.855040644384068377e-03 1.770045040161852962e-02 7.438832241273495363e-03 4.695448941163488793e-03 6.871907840823621681e-03 4.219356826025936515e-03 9.597553739815245510e-03 2.154402477361793463e-03 6.785074296221747965e-03 1.149931433402835192e-02 6.107645903901604695e-03 1.332966523348699285e-02 7.208961949116778067e-03
1.127062821940123388e-01 1.337871968951232504e-01 1.054648910860796901e-02 1.389581331729465921e-02 9.401118141583095222e-02 8.320538300153066183e-03 1.331942690407796233e-02 2.044727760816156259e-02 1.545994476585767045e-02 4.150020140497212573e-01 9.825196593864061675e-03 1.351803139358474098e-02 9.129215446694791819e-03 1.837411912570002109e-02 1.611119088038788158e-02 1.506752178834526792e-02 1.478883606187710378e-02 1.277101570962433687e-02 3.227551808614352591e-02 1.550367122164258982e-02 5.139519133295257156e-03
6.445474922299296305e-02 8.060576029860212488e-01 3.167510675307873974e-03 2.130667928525735184e-03 2.430277671779720525e-02 2.695217933815707671e-03 4.757325264616207167e-03 6.027802343845036284e-03 3.366884279370112656e-03 3.125990383433965153e-02 4.037897754198223332e-03 4.385090156403165934e-03 4.272399681266515932e-03 4.474800827775467227e-03 5.980264386664317644e-03 1.803639121739312534e-03 4.399185314529281861e-03 6.073125311618726881e-03 5.905311222200452376e-03 7.457110064340055286e-03 2.990734972633040615e-03
9.760249101338425159e-02 6.846701179850224195e-01 6.962654107531637653e-03 3.182092946359286589e-03 7.140145198350372757e-02 2.939953042940611494e-03 4.665761326905493167e-03 6.186090422632043069e-03 5.440567100625022523e-03 5.574703213191480738e-02 4.870219427482854087e-03 4.484200159200134664e-03 4.689048586712368273e-03 6.247274704066004859e-03 6.860755808445000679e-03 1.838120581345885872e-03 4.976305246329661841e-03 6.422470114882674989e-03 1.093992306121933412e-02 7.192746780130329989e-03 2.680723469367364293e-03
8.846162151083959702e-02 8.512385196892784389e-01 2.043123666414124826e-03 1.930499024815836902e-03 1.985681915861123303e-02 2.275859210912570697e-03 2.923983815804542200e-03 2.265322858762696106e-03 1.167367580781960386e-03 3.101232675390724457e-03 2.445097449794695656e-03 2.265623774024022857e-03 2.168216069728264115e-03 2.689067843889778649e-03 2.594427684415560095e-03 7.652189054722596893e-04 1.699021119114769475e-03 2.998196287667560626e-03 1.286606555563413233e-03 3.981572468739196825e-03 1.842602649977546220e-03
4.495643529307376263e-03 2.976916848051831040e-03 2.830359513377045800e-04 7.374874297507571109e-04 1.461584114744970617e-03 3.565400369007688114e-02 7.696824258950395181e-02 7.564906985426465835e-02 7.943955835358597339e-03 4.621383844234333224e-03 8.959485234082199823e-02 7.623521084681426918e-02 4.776513453552604788e-02 6.860440598366134013e-02 1.182691359060286385e-01 1.169637212277215184e-02 3.014131760555534278e-02 9.786445547696559499e-02 9.075909594470804240e-03 2.107073390209974750e-01 2.925454287975508966e-02
1.503689843191723940e-01 1.371100148232746729e-01 8.946717244071710623e-03 1.581647473380169006e-02 4.671871752085304808e-02 2.609885062837105640e-02 3.017909737639720702e-02 4.904544353050293432e-02 2.785287807722305192e-02 1.379228591898015201e-02 5.405470453344596304e-02 6.461351617412583459e-02 2.827354469766700171e-02 4.697060219925135172e-02 7.240052105771800639e-02 5.491834407766548083e-03 2.406264460466860100e-02 3.766459402331810702e-02 2.802486751041822349e-02 1.162577587369610088e-01 1.625594788201104729e-02
4.264818662311943565e-02 1.123662426670457223e-02 3.923765915158765349e-04 5.770284719049136295e-04 1.966356122528953830e-03 6.502043283141609176e-02 5.804748590502922800e-02 1.070212955666703103e-01 1.338430392848266419e-02 9.127769472215351010e-03 8.603741472479753405e-02 1.298569629851935303e-01 3.541790989867750483e-02 3.074681336561983433e-02 1.141022722599308731e-01 1.686261867627243671e-02 4.448074939072286377e-02 5.565148902012165277e-02 9.014507969537443113e-03 1.479558114617715858e-01 2.045159046776670944e-02
1.272652282556574477e-01 1.328958552954740413e-01 1.442273358263866483e-02 1.406682444564762505e-02 3.679739586350639496e-02 3.293032993141953996e-02 2.590300060360884934e-02 3.114770982280106598e-02 4.009912504974296604e-02 7.650602800477053836e-03 6.417763808626608668e-02 7.871357213139838771e-02 3.918289452831524855e-02 6.701055995177795932e-02 7.836570038073782662e-02 3.233287850784135036e-03 2.085909209379624776e-02 4.116908704956447063e-02 2.115521691229818937e-02 9.993119162307520509e-02 2.302295374101288525e-02
1.565632309815795653e-01 2.996615624560809987e-01 9.666678379855639380e-02 4.069482946443636617e-02 2.491177264773502820e-01 6.109279858319103737e-03 5.513139044422856253e-03 5.737932999246052497e-03 1.876879973739612600e-02 6.461985635918573827e-03 9.510394003479192768e-03 9.913689945290430836e-03 6.828796191540646016e-03 2.258647630152278013e-02 1.453428519444084112e-02 1.123479436021598962e-03 4.778298574079202846e-03 6.636069823685174403e-03 1.869650417986391810e-02 1.668673456937109015e-02 3.410001327398957515e-03
