5.650979750952563885e-01 3.539530627315895517e-01 1.115111988991293254e-02 8.018342949138163381e-03 3.057303686297341977e-02 1.625212028697204563e-03 1.899107518852845159e-03 1.914403884406276580e-03 1.601541583821833705e-03 2.279818294463505524e-03 2.334202039088688081e-03 1.370144839279597865e-03 2.116792860425710868e-03 3.012934520717761109e-03 2.557180091770577725e-03 4.397068327140619785e-04 1.986566105855745550e-03 2.399869297837826237e-03 1.450718576565699410e-03 2.925190748717308026e-03 1.293073247915338050e-03
2.780896908509262189e-01 5.632868587024053575e-01 1.816997028205486614e-02 6.180821019098886072e-03 5.733381923885849663e-02 2.081106020557728798e-03 2.447749597069415542e-03 3.339012482835601505e-03 3.760482430523965323e-03 2.734295150112146452e-02 3.435583926905718712e-03 2.413502198213167329e-03 2.201237629835425987e-03 6.485147424053718489e-03 4.862182367393165852e-03 8.151907473511120191e-04 2.163294225168607351e-03 3.280844658580667639e-03 6.992720414018000451e-03 4.381017767708501008e-03 9.368165153198213576e-04
4.098954723609410378e-01 2.972229055955823429e-01 1.396106292063092197e-02 9.864568374216146560e-03 1.994737231536889976e-01 1.644918836034005034e-03 2.453010937063846916e-03 3.266371934025267838e-03 3.423710508631759054e-03 2.475995082826515023e-02 2.781570807906135791e-03 1.936276601278924016e-03 2.463496346876083761e-03 5.086877452627923055e-03 3.839898172911152419e-03 1.015239460016113121e-03 2.643886189322003626e-03 3.224807429209745977e-03 5.751279415648174499e-03 3.866276096840572975e-03 1.424696578282945219e-03
4.335586025908831354e-01 4.306341375369318047e-01 8.101627867633350716e-03 4.061201823952992167e-03 6.852266758550999703e-02 1.571265175287876303e-03 2.246910791321242006e-03 2.809156775287577779e-03 2.464563962806142015e-03 1.634679448323514417e-02 2.716936058061071666e-03 1.760488064425450158e-03 2.490003981335762832e-03 3.831697225871224296e-03 3.366497617554392585e-03 7.853483258163250404e-04 2.406826960938320166e-03 3.108933055016340364e-03 4.279371233856325493e-03 3.619274613229609468e-03 1.317694271045708777e-03
4.823655300637132437e-01 4.005210857429614690e-01 1.835159231932423363e-02 4.077737806041039151e-03 4.722860564926482235e-02 1.711162964680143939e-03 2.024420240783599521e-03 2.271764626556882233e-03 2.778129787737976253e-03 1.077650799158394630e-02 2.696298915812057016e-03 1.784248413559858231e-03 2.327315992987251392e-03 4.181200797315117942e-03 3.125365694782931015e-03 5.792780329050392814e-04 2.109551029573793375e-03 2.759465856078622496e-03 4.048530419579123019e-03 3.144224309562077945e-03 1.137983345196522805e-03
6.335895963323593394e-01 2.570752395689851477e-01 1.209166102496760792e-02 4.637585054846093437e-03 3.992311966029413878e-02 1.959304855602473239e-03 2.609505516162538303e-03 3.255815784390079810e-03 2.886039082759226087e-03 8.342728642059269242e-03 3.181970379493791537e-03 1.865242642695203942e-03 2.892878965628301047e-03 4.268288243364047087e-03 4.269757960391333193e-03 7.737080105010521892e-04 2.884407853186353888e-03 3.899726076971517762e-03 3.639979546184272940e-03 4.297854368780745782e-03 1.655590430377605702e-03
5.990852899883452043e-01 2.535715970629456861e-01 2.485519621123397083e-02 1.102685250040496591e-02 7.191925163209170191e-02 1.569803919051015670e-03 2.172161510033778810e-03 2.470754106820282139e-03 2.355219164907395440e-03 5.123869506395804276e-03 2.327800278475054309e-03 1.354723043485649061e-03 2.106217931015179953e-03 4.241607797822408502e-03 3.224181636027973787e-03 5.233438863917549240e-04 2.345482775443173077e-03 2.806250316411037712e-03 2.594748409622584136e-03 3.181048304114775585e-03 1.144600018960972940e-03
5.757623882783224900e-01 2.348123217795848594e-01 4.934224561315868340e-02 1.148524874988190655e-02 9.006399650366697651e-02 1.535663198901442887e-03 1.843649788700408090e-03 1.924015125530446338e-03 2.960346016172463093e-03 4.238424192891977749e-03 2.386838516577132266e-03 1.592617029411912740e-03 2.293874581456388246e-03 4.462755199513349959e-03 2.799397433893544267e-03 4.657482821135630743e-04 2.122411704420798430e-03 2.418693222624594078e-03 3.296443109279485664e-03 2.882518094458209629e-03 1.310403579439268834e-03
3.092173820346494906e-01 1.925543783100337747e-01 7.566533144138659628e-02 1.720957817222271147e-02 3.363215963210532955e-01 1.243668175233943315e-03 1.710898509973089775e-03 2.260576877422727175e-03 6.072236677579892321e-03 2.136071154604104669e-02 2.367194503886521466e-03 1.468313553989518926e-03 1.909704880674975786e-03 7.156333028022568606e-03 3.577625272559514531e-03 5.304270925343370540e-04 1.999601089795684933e-03 2.535486346468046950e-03 1.082606602435757376e-02 3.040314769417011564e-03 9.725753726976250858e-04
3.380943974504743155e-01 5.381084026059036463e-01 1.977045546212151395e-02 4.891553506920731827e-03 5.194303026020583719e-02 1.670265167583576561e-03 1.891019408772067921e-03 2.200057372073767250e-03 2.596135018528821555e-03 1.243109465630353079e-02 2.452209605100911984e-03 1.759729720420033549e-03 1.818308519251193075e-03 4.721017041069338997e-03 3.167475076146062871e-03 5.380493003429958872e-04 1.698242919878963130e-03 2.365612189050108911e-03 4.015272315503587951e-03 3.082837775840847894e-03 7.848346285081608678e-04
5.681406777986874879e-01 2.760804096373059013e-01 2.245307105965851230e-02 6.126722962884871906e-03 3.074725408696953044e-02 3.328082056774568989e-03 3.290108842526223189e-03 4.317135725614118860e-03 1.191736703735270068e-02 1.053906414766091204e-02 6.836903648483513493e-03 3.769933900266107373e-03 4.656639435172013619e-03 7.372101358684047569e-03 7.923853151406602333e-03 9.657980282674648916e-04 4.476905355236109399e-03 6.696233783712451058e-03 9.061613193761900234e-03 6.992763597853808924e-03 4.307361191721356675e-03
4.831655234267202004e-01 4.541194184323988359e-01 6.675233855080543732e-03 2.887918139912037420e-03 1.525707349978297489e-02 2.002904808712428417e-03 2.179843578113056877e-03 2.167068780800844845e-03 1.871862270921345215e-03 3.028948615390646484e-03 3.131941118732639237e-03 1.809086296574608519e-03 2.586452289835376554e-03 3.239518855225533445e-03 3.110537228279659089e-03 5.001681898555623146e-04 2.233864296322620423e-03 3.105901321890779977e-03 1.745404079940763957e-03 3.446529654038464272e-03 1.734801261470963378e-03
5.381391676219534626e-01 3.166926536967388794e-01 5.835815669364347036e-02 2.964654077344429026e-02 1.905284667132915027e-02 2.586441373838246037e-03 2.024517665479988807e-03 1.627780867566519171e-03 2.893529831697795422e-03 1.792277534099086245e-03 3.187904047626435432e-03 2.165132139112146449e-03 2.609483729205573210e-03 4.441631545542234355e-03 2.868208844043916485e-03 4.935568635441490862e-04 1.989348069682493874e-03 2.577148918411317508e-03 2.018136516410788065e-03 2.994595471361282107e-03 1.840941125268599548e-03
7.696336672806388668e-01 1.272265773033605385e-01 2.375912843404706307e-02 4.615365820309406085e-03 1.011721322393504402e-02 3.426306935014676418e-03 3.212288130858464898e-03 3.292022548223480418e-03 4.668732325685377195e-03 4.552671726964098615e-03 4.729620137675570081e-03 3.970809921174866912e-03 4.217383303208312520e-03 5.234799825050518406e-03 4.493626256865987378e-03 9.561552324542479985e-04 3.690640070508542387e-03 4.509546508046481314e-03 4.448709503089081155e-03 5.222685913566332307e-03 4.022049599322614737e-03
4.019006304466024582e-01 3.887069351624612423e-01 9.806835900574573106e-02 1.554102237009482787e-02 5.255603700046649479e-02 1.989088141132337988e-03 1.616305634973337103e-03 1.575672936045204638e-03 5.640023056253246937e-03 2.865115365375240156e-03 3.565244750858871572e-03 1.996572096129131408e-03 2.554493324964376283e-03 5.739263780633717914e-03 3.207349835786292569e-03 3.641704549250216220e-04 1.813805666352566156e-03 2.571060046738513245e-03 3.286745420251051611e-03 2.970842900129627966e-03 1.471262604080901060e-03
5.162546806788868015e-01 3.528506142472498386e-01 5.427204803771690234e-02 4.173663234741981261e-03 1.345942000537811087e-02 3.566741943034461293e-03 2.527535152311389220e-03 2.035289286851212943e-03 5.512422558203227893e-03 5.150501095642223345e-03 4.757395498091804113e-03 3.828392921248638045e-03 3.662362015588257417e-03 6.470169968300831451e-03 3.925588650182466714e-03 5.298259494160308634e-04 2.660498841802792259e-03 3.660196137804028714e-03 4.575904172579523151e-03 3.612716292408360737e-03 2.514033312561312922e-03
3.069459421688532919e-01 4.270204363766992861e-01 1.194827274696710212e-02 4.222885955693692593e-03 1.311262933235347872e-02 7.473788800816076952e-03 7.291989680668478635e-03 9.326134008485698068e-03 1.859225049601259325e-02 4.181013005358161227e-02 1.947627421657018715e-02 1.499815315393817836e-02 1.191675229230162829e-02 9.713728611879765204e-03 1.512317537390974777e-02 2.831105446306928040e-03 9.714123882436278418e-03 1.633665178299896839e-02 1.833002693071646150e-02 1.481703644620549487e-02 1.899851224260483418e-02
4.137218502437838841e-01 4.990139306949613607e-01 6.797134332345293461e-03 2.961318829025169803e-03 6.203908447708441666e-03 4.750729021098794996e-03 3.771104314880799335e-03 3.069660395796645121e-03 3.436457965925994104e-03 6.458621503700624072e-03 6.257729082849315151e-03 5.901345396092382532e-03 5.026769490741372394e-03 5.046773215426942835e-03 4.570411878606132211e-03 9.154081810651948890e-04 3.381767984101119538e-03 5.235808739078471816e-03 3.627213386157000698e-03 5.167803203179463165e-03 4.684253693476104867e-03
6.424207098775639446e-01 1.867194773948354092e-01 2.141312610042290371e-02 7.707785281872496681e-03 3.516650699439347050e-02 3.481023382729510601e-03 3.671226829118116267e-03 5.083002661006612820e-03 1.205918954804456773e-02 1.222002365234101801e-02 6.536202224806650363e-03 4.276596455975631948e-03 4.927520276234450582e-03 7.770003013064453318e-03 8.351429578980027607e-03 1.211963501852965580e-03 5.206365546571489582e-03 6.863743735503233245e-03 1.135396709207349940e-02 8.336415625759178646e-03 5.223721226849585737e-03
4.956128721227509755e-03 2.046317836225060305e-03 4.851523376558880378e-04 1.819327664909652434e-03 3.183803201233580387e-03 2.615177981189591994e-01 7.379005503252621112e-02 1.039003072650882334e-02 3.449683375437912619e-02 2.408136072482029710e-02 4.969893504211161939e-02 2.474629952752796513e-01 2.901615541703032528e-02 3.816678466919880969e-02 1.956669535953274586e-02 6.872516772166640912e-03 9.719600569081371377e-02 3.550176580602040083e-02 1.073007856057734202e-02 2.314845907752665841e-02 2.587280021129620064e-02
2.596426240239136929e-01 6.128970879980669695e-01 3.159378422963321498e-02 1.468172708547395289e-02 5.069289496847954185e-02 1.961962621893310540e-03 1.534887359982828022e-03 1.425644826633106366e-03 1.884272504609256060e-03 2.416401959995421143e-03 2.045808215619488064e-03 2.032541486526305043e-03 1.648145640220366253e-03 4.550526941190994983e-03 2.582681587648905965e-03 3.644153699686480431e-04 1.176837776775473392e-03 1.580719569234700786e-03 1.778063968564196811e-03 2.761394632377115431e-03 7.475772331923789555e-04
4.243271813907419365e-01 3.907429260863869991e-01 7.794395832677739056e-02 1.907940647615855370e-02 5.215687771966327768e-02 1.627095082924614718e-03 1.566185182988981493e-03 1.627233179229365138e-03 3.414424093342216440e-03 3.410767239524756678e-03 2.580757661890700164e-03 1.470189604672791006e-03 1.888461275919538435e-03 4.859696342574757778e-03 2.849533947868466890e-03 3.776082219972837087e-04 1.608807457937256767e-03 2.213553813254386191e-03 2.713261632271970255e-03 2.626256707713521890e-03 9.158185561615811909e-04
2.172533880871653778e-01 6.247544491333446581e-01 7.076516680980919627e-02 1.216866975670547781e-02 2.636640587565658791e-02 2.808244359836778101e-03 1.962027603416226576e-03 1.822398938716351426e-03 4.661521183877664898e-03 3.202140340230604128e-03 4.115000096905309032e-03 2.847794536710865267e-03 2.450499574534293484e-03 7.437348079225155825e-03 4.334655132549250847e-03 4.158090219906140309e-04 1.632623993545146692e-03 2.832633491209118719e-03 3.091748902207335382e-03 3.896928353599298303e-03 1.180546728764192204e-03
2.921240536246287878e-01 6.259512317566927608e-01 1.692587639171550321e-02 3.329081633320165635e-03 1.173676648481190854e-02 3.568903443599842629e-03 2.251887550084980764e-03 2.035086976526644456e-03 3.310298589373200130e-03 5.420649393242932615e-03 4.315607313079132014e-03 3.777650906177688461e-03 3.033307624678673649e-03 5.013395639306811834e-03 3.738422418895651165e-03 5.816558405094939682e-04 1.851780835361546999e-03 2.924607009310422299e-03 2.792945507955727196e-03 3.951453833341131948e-03 1.365337227387179502e-03
1.777159157096128428e-01 4.409648841840637101e-01 1.155584866034758545e-01 4.627539354726414866e-02 1.560996006254258273e-01 2.696249890883521856e-03 2.357116967048259425e-03 2.464562592474808800e-03 5.747681806832671998e-03 4.456797017420587731e-03 3.883786478614995909e-03 3.144186501109121849e-03 2.720701877629514050e-03 1.267136127379504817e-02 5.814289010771297311e-03 6.290929402017875595e-04 1.949233606962247909e-03 3.175102082493249170e-03 5.521885677026339319e-03 4.683180805947685654e-03 1.470490800946357059e-03
2.727173128690663084e-01 3.943448525199907961e-01 1.589099765994287095e-01 4.728527238873621308e-02 7.842975661801217246e-02 2.339577521990394288e-03 1.954300238170033135e-03 1.906756647283155363e-03 4.695158925630132062e-03 3.259684946612994693e-03 3.243000047641803052e-03 2.464720294939590651e-03 2.424720138857632858e-03 8.381284984349592418e-03 3.918723407992352400e-03 5.575427678729186340e-04 1.732611854262053894e-03 2.588804840220369080e-03 3.787552308370092935e-03 3.761186890930639723e-03 1.297203189642446089e-03
3.167256750993200365e-01 4.078500228210615308e-01 1.568535623412863345e-01 5.527083184744865929e-02 1.961056422830858431e-02 3.536909782888267642e-03 2.111442235807808876e-03 1.544234459965985020e-03 3.622791536898986847e-03 1.873498278668300808e-03 3.428605642265790832e-03 3.223557661197445912e-03 2.789537219028844460e-03 5.933948066997774169e-03 3.287681567467672442e-03 6.719197492744789302e-04 1.704063743270848533e-03 2.507191542598854496e-03 2.328126469342124433e-03 3.328781734532170605e-03 1.797053972369722996e-03
2.441062976842875432e-01 5.483894748675612885e-01 5.123094030585507996e-02 1.293272170000184414e-02 9.421673102603454752e-02 1.908561174750565389e-03 1.799876577072148697e-03 2.055864780550780389e-03 4.122151851722031558e-03 7.419875458649732164e-03 2.965727140778778859e-03 2.076465959230096390e-03 1.948129949730216179e-03 7.197200509887585231e-03 4.103747545568876137e-03 4.430492231063886083e-04 1.609787635713200507e-03 2.479749634019185953e-03 4.707047852067783311e-03 3.394817178182932445e-03 8.917819452300847606e-04
2.713528381861455285e-01 4.318369583232081199e-01 1.623864788000584369e-01 1.592949145104976746e-02 5.933784649254544158e-02 2.503976218587705433e-03 1.907980488672061676e-03 1.832973002524969277e-03 7.996368628405577800e-03 4.861950819897996150e-03 4.097573532145728711e-03 2.745781054039309575e-03 2.752030491213233211e-03 9.571945364463213188e-03 4.505049887149990308e-03 4.276950029903007870e-04 1.895380215952329047e-03 3.058746272518214800e-03 5.808004828761996821e-03 3.745080524968175725e-03 1.445850414702006719e-03
2.738175611989814850e-01 3.051758596917693023e-01 1.563831025809981901e-01 7.260610050646648661e-02 1.370217212044388400e-01 2.396975843188231450e-03 2.287415972148948255e-03 2.438436850827581989e-03 5.152807935147059315e-03 4.718231310639768930e-03 3.449598156610489668e-03 2.565776204302856831e-03 2.577056787395966449e-03 8.831744827613721358e-03 4.348688679514193904e-03 8.619667179578823077e-04 2.076710623924294015e-03 3.031071948999517190e-03 4.782891736951184157e-03 3.917841876355321676e-03 1.558439345769024962e-03
2.866477486164868971e-01 3.679870668570320302e-02 2.239001384561335739e-01 2.062327198483119781e-02 1.604483128038724227e-01 3.328461727301789980e-03 3.308097902040737538e-03 4.099859325855837941e-03 1.206381157241441793e-01 1.696864850415270853e-02 8.005235925778213940e-03 5.479457512673060332e-03 6.033963724298940096e-03 1.268914881945915930e-02 7.890752397251721978e-03 1.328486699843014736e-03 6.370158382285931106e-03 6.355886705138336437e-03 5.515319616115181567e-02 6.745378055881767754e-03 7.186973885715292054e-03
4.750041681543613614e-01 4.599584061047553574e-01 8.399145106920304429e-03 2.831279441195341459e-03 1.227538820149442524e-02 2.399231366888419318e-03 2.168351742432535808e-03 2.125400966749494639e-03 2.442807807593524571e-03 3.533328052904973014e-03 3.751108906277372985e-03 2.191036001485079359e-03 3.019167009619282051e-03 3.324022796856810399e-03 3.303073526783409548e-03 5.304161347130726453e-04 2.051538420057568909e-03 3.242961669238828785e-03 2.089073192913132836e-03 3.607550788447383069e-03 1.752544608312171012e-03
5.302613189014245831e-01 3.263745300160832419e-01 5.496398639280338297e-03 3.899364930285808672e-03 1.071168289073000553e-02 4.379249106201053149e-03 5.239162292804115488e-03 7.239481210106761717e-03 6.026130855721335139e-03 1.898624007911913977e-02 7.694225125995357226e-03 6.918845249248537464e-03 7.220587081767647006e-03 4.827585361924259348e-03 8.060164843155616377e-03 2.764580979874216912e-03 6.991766353355421265e-03 8.707615067867066280e-03 8.223546573589512673e-03 1.145583026240695745e-02 8.521694179058764140e-03
4.281239412656678289e-01 5.081004026021732622e-01 9.343812516838792201e-03 2.340749555971646367e-03 1.351939635185030880e-02 2.230299140457578117e-03 2.053008089990307570e-03 1.896020612336517209e-03 2.026394272764402149e-03 4.685842443420638707e-03 3.037479908437328013e-03 2.169556505167218822e-03 2.489962298951588823e-03 3.489914772915766322e-03 2.752933051528350539e-03 5.260512069633559943e-04 1.975854054653637063e-03 2.661458335780776240e-03 2.323140060286337568e-03 2.812578540456223651e-03 1.441204413388464702e-03
1.560305652156705469e-01 4.652848004119675140e-01 7.245638202895246516e-02 1.771529059301979805e-02 1.976388267360918716e-01 2.935039811795586880e-03 2.499932425823332173e-03 2.927413671800732902e-03 1.066075031715293074e-02 9.622796060662153553e-03 5.549056423675848004e-03 4.075541291599793156e-03 3.507662436774811564e-03 1.539370031455294073e-02 8.098293135820453306e-03 5.831821225599005025e-04 2.411988994507181794e-03 4.120617544317226738e-03 1.081927111083703062e-02 5.932015934323004933e-03 1.736873418095188568e-03
4.207116922891884214e-01 1.818941502869027560e-01 2.892371229348170147e-02 4.317837647592383081e-03 4.793675865841677541e-02 3.645856523106531018e-03 4.396373807801326125e-03 5.638060126969312094e-03 1.409119058624125342e-02 1.869276342749550124e-01 6.999824707195953684e-03 6.163328152165682000e-03 6.516311136713907881e-03 9.659943291433079754e-03 7.911774981510619198e-03 1.824229235287011790e-03 5.336244746736377130e-03 7.794657512368804476e-03 3.767487798464619342e-02 7.897456293061858382e-03 3.738085464224395402e-03
4.601251352139804629e-01 4.531930105997295510e-01 5.689557817779693390e-03 3.070300628891414405e-03 8.499082536725714038e-03 3.023462073993800434e-03 3.389903541905998907e-03 4.084611961614465284e-03 3.172544710979157724e-03 6.459638558764147116e-03 5.936251117626072972e-03 3.608044521718770971e-03 4.802112476554131967e-03 3.776205595286290240e-03 5.429348839177768581e-03 1.227178381820453502e-03 3.777082911039437215e-03 5.912262956865703585e-03 3.385098035419148096e-03 7.071108158192547163e-03 4.368059361936035487e-03
5.875546884405754566e-01 3.029739035102718692e-01 2.211349709398592947e-02 4.076565428982237629e-03 2.303144528128926380e-02 2.863505805538776872e-03 2.716008698625210424e-03 2.665354718063231692e-03 4.472013964498102422e-03 6.283569525011522237e-03 4.850399046682517257e-03 3.674797181512501256e-03 4.017505422196292024e-03 4.999511668188248541e-03 3.837348133349854137e-03 8.192660264801417819e-04 3.261365689549457041e-03 3.866782994209202844e-03 4.623394185994027759e-03 4.111751620461975495e-03 3.187325564533226990e-03
6.195471028122000456e-01 2.558160399692510634e-01 1.296500510429543507e-02 3.891097906741173076e-03 5.030670289955336411e-02 2.283312254373984999e-03 2.714943502560793805e-03 2.758074746499227133e-03 3.143858469995964699e-03 8.660811731976388386e-03 3.582921731117071594e-03 3.107568777724443228e-03 4.084833232439657319e-03 4.238572025891450788e-03 3.492171064854830784e-03 9.145672473569126494e-04 3.123728509982021551e-03 3.553649643191052806e-03 4.659048812734233914e-03 4.373545380429069707e-03 2.782444176831941254e-03
3.012251977347645271e-01 1.560246431336616002e-01 7.027290563445207083e-02 2.017861880619954001e-02 4.085249392288107240e-01 1.023892136183557474e-03 1.342334943555851222e-03 1.625044276282065769e-03 4.982085364950499320e-03 7.784544683130895613e-03 1.942401909084198611e-03 1.210799570319201837e-03 1.767746600103709724e-03 5.606792498521758795e-03 2.611369641702452130e-03 3.682749058938798530e-04 1.697528711319021494e-03 1.933609850904652490e-03 6.472159213696364322e-03 2.431812902444472659e-03 9.732982540193414137e-04
1.872646937137635303e-01 2.475301698003442574e-01 2.404213267976221258e-02 6.970814341595812924e-03 4.836540320734072224e-02 1.287410334222563978e-02 1.124210782422767341e-02 1.534213337995260322e-02 3.824360062506571012e-02 1.666187724528747915e-01 2.520565049683351835e-02 2.517998218437826272e-02 1.451933384408280077e-02 3.266834630717437710e-02 2.772681620875266234e-02 4.176311287890518108e-03 1.129303210207876357e-02 1.876626231637778391e-02 4.499538185157777453e-02 2.982958198600961508e-02 7.145370047690043601e-03
3.644037653284453171e-01 9.121494585716434511e-02 3.710781214283221940e-01 3.906949186288823095e-02 7.738867135982496759e-02 2.381908835977515800e-03 1.717296347410988749e-03 1.466073578449447008e-03 9.449658786461085161e-03 2.867083025876960602e-03 3.819114850399243834e-03 3.074569562846360751e-03 3.515414186199632227e-03 9.076903852703911701e-03 3.282809100874915873e-03 5.219576802475787286e-04 2.137412828762244154e-03 2.597697905414071782e-03 5.282150055382715988e-03 3.203961943444990062e-03 2.450991622902471811e-03
5.601776530771711976e-02 1.553868161264902563e-02 3.349327517542649568e-01 1.509628459186809248e-02 7.199555262619330986e-02 3.255170175834198269e-03 2.468948087881421647e-03 2.538522391188401204e-03 3.503827606076493906e-01 1.086927286504584672e-02 8.723960464183933700e-03 5.372963276419946525e-03 5.417953421533024290e-03 1.788527253325549599e-02 6.240113594287050383e-03 1.072934747924236213e-03 5.129165880084954332e-03 5.309142264681297914e-03 7.038879310399143163e-02 4.593111764432451782e-03 6.770878928914358767e-03
1.485221422082521336e-01 1.369565468287793908e-01 3.352063506341640409e-01 2.031179778258852472e-02 1.770844982732356909e-01 3.164538682808248904e-03 2.579454629971579798e-03 2.872470500458892875e-03 4.497075346296859621e-02 1.781126744711780327e-02 7.657544422483546047e-03 5.083726925585471332e-03 5.300978185513546825e-03 2.453048761021258545e-02 8.913960383411571875e-03 6.446548267107339797e-04 3.304019801992671111e-03 5.378269260366687170e-03 3.995403651759390357e-02 6.815574507715458676e-03 2.936927108069443786e-03
1.600690870093640639e-01 4.866607383580852098e-01 5.957603118374318885e-02 1.658472722760541071e-02 1.572823616596627228e-01 3.569168511633940676e-03 3.348270419884077139e-03 4.385717924946137825e-03 1.176091616325546270e-02 1.672200359646163967e-02 7.276654614405013433e-03 5.047554132487907033e-03 4.084368064750363604e-03 1.835089274706222170e-02 1.124651649649340696e-02 7.924490501788234191e-04 3.058302619797563255e-03 5.588806107361705446e-03 1.441342799307295496e-02 8.254000639403008890e-03 1.928005480344629086e-03
2.770946035206099944e-01 2.360687936001196752e-01 3.429022844089939931e-02 1.378823258504901193e-02 2.634046785629077236e-01 2.396934425359277185e-03 3.046996557409312884e-03 4.325541686246602534e-03 1.012830292791246610e-02 8.606428763253634595e-02 4.720310953143117515e-03 3.286986194538044082e-03 3.685933485249679592e-03 9.437584512564711758e-03 6.412299800560285375e-03 1.371292668611712087e-03 3.595466375834745123e-03 4.895616041484657059e-03 2.434537253922965105e-02 5.538743312233149543e-03 2.101794177500481905e-03
5.302178608272205551e-01 3.277274005979202709e-01 1.736685873831124091e-02 4.440771755492360119e-03 6.533581217832226673e-02 2.134472567668745449e-03 2.379937084726350006e-03 2.477590652526391428e-03 3.527722504578518353e-03 8.483273604290681238e-03 3.665291598217936767e-03 2.845185404564600212e-03 3.640322632713680149e-03 4.492518526244215771e-03 3.383593150118045442e-03 7.583482524889151354e-04 2.843427679159641220e-03 3.273269018284588345e-03 4.732973333123919636e-03 3.892608349325160470e-03 2.380761544702156111e-03
1.061519319189640764e-01 1.556852769517509671e-01 1.087983654552975021e-01 2.341233046953635627e-02 3.603114882444220513e-01 4.352484036973288360e-03 3.850316554218251048e-03 4.977312320117745909e-03 4.502974261853815580e-02 2.544183716619689492e-02 1.134502660630846288e-02 8.481327324763240916e-03 7.595907904016588851e-03 3.543328962432686080e-02 1.667193999545165187e-02 1.006390184377166331e-03 4.672794613709936248e-03 8.026332327019679302e-03 5.273125052351845116e-02 1.191951972518105231e-02 4.105135435311273347e-03
3.986383687224016592e-01 2.445105740510160885e-01 1.500155540171496105e-01 1.635723792246614183e-02 1.314749782290026703e-01 2.028366777921633123e-03 1.819443732478081676e-03 1.844192897401976221e-03 7.081284245758117171e-03 7.099738336473645356e-03 3.158159745666135401e-03 2.530493429832495964e-03 2.935305911379425953e-03 8.500220410013076613e-03 3.619059740526952684e-03 4.574556053276461389e-04 2.049990803891850455e-03 2.653207508182194117e-03 8.137327482527087485e-03 3.572073321628692257e-03 1.516967108954533471e-03
1.251297084556976802e-01 4.948243327239341682e-01 3.501275536609300965e-02 1.422351385120485499e-02 2.300555482439657073e-01 3.390568444180524013e-03 2.780334943615266410e-03 3.721828608851870772e-03 1.008367308783083595e-02 1.150863955376498458e-02 6.578877973168311896e-03 4.850728345394637701e-03 3.729410115371355108e-03 1.539033413237926411e-02 1.110029660308623801e-02 6.261198878026731337e-04 2.635326690784014526e-03 4.824532306734134919e-03 1.095137886976692981e-02 6.812265134691325441e-03 1.769826661682991770e-03
4.656633099988887192e-01 1.433000775804348370e-01 5.475271615610169396e-02 5.478414758948415425e-03 8.690312968025333540e-02 5.252326779118823147e-03 5.361094274782843457e-03 6.375516351909494076e-03 3.915309181512792447e-02 4.708288470096247402e-02 1.183356107457079510e-02 1.162065481701060436e-02 1.031221479087196351e-02 1.086991933897889402e-02 9.649689665980270420e-03 2.394724192132583265e-03 8.774937642368065005e-03 9.707727781527345640e-03 4.332722764092171441e-02 9.481315797687435779e-03 1.270546516142153325e-02
9.914504842992238887e-02 5.526540850205209632e-02 1.161716189152175831e-02 8.781250031491168173e-03 4.755412189125885619e-02 1.897054222237816792e-02 1.893557773917947662e-02 2.546028228348214822e-02 1.159155008527395087e-01 3.078390239486084728e-02 7.378251838721044953e-02 5.364789372128556805e-02 3.887096621212569880e-02 6.865753136877245089e-02 7.300672364914959078e-02 3.467932241993936134e-03 2.285580622481438867e-02 4.764240113521105852e-02 7.069252874565996880e-02 9.048169731700779483e-02 2.446520475788302798e-02
9.943183835658933600e-02 4.017669620081670140e-02 9.625507266189882363e-04 1.139185164705804575e-03 4.920789551149428245e-03 9.305754697896827243e-02 4.556383507317968845e-02 5.619522153335618914e-02 1.582018374131727995e-02 1.594259566759662419e-02 7.483757848489874798e-02 1.562956260167577272e-01 3.665967323288953778e-02 4.357096616819429447e-02 8.487388407970676563e-02 9.779522500052430581e-03 3.067297663558536322e-02 4.303054165153400584e-02 1.202097805219714058e-02 1.086739401629948226e-01 2.637387002089111587e-02
5.123376123023080236e-02 2.947426058809564375e-02 5.069231504942214124e-04 1.026602417720756579e-03 1.795020784692524102e-03 4.621347679552147147e-02 7.045964302936753854e-02 2.508415926703792542e-01 6.905484256815578280e-03 3.215387718652489013e-02 5.351051342137383426e-02 7.091350088496886639e-02 1.863834247212681899e-02 3.523562579906162201e-02 5.549331821229625678e-02 5.113960152787038610e-02 5.352494546346889953e-02 3.978899743097243091e-02 1.494120906282513095e-02 1.064821494347088782e-01 9.721154180484033180e-03
1.577087948499395487e-01 3.204377828474674339e-01 9.128886955400337955e-03 6.245440759043843944e-03 5.450111180637576963e-02 2.318748326535081949e-02 1.655863602232367573e-02 2.598353415459425664e-02 2.321514392577801039e-02 5.696787867637496255e-02 3.333763395147532754e-02 4.629402674514017380e-02 1.820420161486898183e-02 3.432118022170904670e-02 4.608775695540744816e-02 5.278682020392987465e-03 1.478150266485491089e-02 2.295618607016766677e-02 2.824585113797495328e-02 4.650874414426221792e-02 1.004954121109881589e-02
9.835435491509950112e-02 4.378150719902970667e-02 9.939167921854336410e-04 1.522537665807556246e-03 7.146090559937887630e-03 4.727767301706937292e-02 4.120109245126637315e-02 1.234961762000469088e-01 1.652510130522815909e-02 4.462082970046329922e-02 7.377291824956686006e-02 9.557960813623039842e-02 2.592709090416708134e-02 3.268703558699772443e-02 9.325231534325301164e-02 1.603571961003155688e-02 3.502592535135339719e-02 4.958530423366116352e-02 2.591292919962466176e-02 1.132565282958492292e-01 1.404534528313076090e-02
2.931311940346711942e-02 2.873841807311221241e-02 5.612146990052262977e-04 2.365946609794040197e-03 3.552297634991554830e-03 3.443781445238240646e-02 6.195183787229831263e-02 1.977946903685664226e-01 9.689102752749182215e-03 1.670887565861849458e-02 7.245933663971629302e-02 5.756978646058304866e-02 3.772201591489948713e-02 6.480109949183730789e-02 8.316279528645320607e-02 1.966090616236078337e-02 4.210395563729427137e-02 6.037642149719655432e-02 2.439237075064274243e-02 1.318619327530949625e-01 2.077606188093660683e-02
1.124281591266766134e-01 3.696822218266673787e-02 2.819022671724347607e-03 1.566780477146154657e-03 3.659011774401155215e-02 2.103453341868491075e-02 1.578103399121246614e-02 3.663815634523238246e-02 3.607429389194256875e-02 3.162263090176046232e-01 3.499073248711931372e-02 5.863522060643045625e-02 1.768917969637736481e-02 2.539350919488550518e-02 5.608471128568123798e-02 8.731341462421795402e-03 1.830575075257235076e-02 2.977947648467350189e-02 7.499081492441782293e-02 4.938543229395830209e-02 9.887201944559652692e-03
2.222481311500949103e-02 1.036192761898322573e-02 2.300669639124339368e-04 5.607042282491371240e-04 6.557553792146885666e-04 8.150648238267914347e-02 1.107271908030896534e-01 1.641127093218189836e-01 6.508189537417504757e-03 7.644319547786752704e-03 5.402937908820275303e-02 9.009683751680150343e-02 3.488943237999904412e-02 5.700260486719817971e-02 4.818910907675249405e-02 4.542789337957665180e-02 8.157661493724038815e-02 4.191761044283024568e-02 7.886474865824921396e-03 1.083339173706695246e-01 2.611796717674300106e-02
4.509894673631842377e-02 2.693968262797481056e-02 2.112459056852619092e-03 4.513213885144655782e-03 5.721713491472881635e-02 1.119271130646196794e-02 2.232318521929244765e-02 8.830864419108157282e-02 3.236186001530216155e-02 1.109195167474618243e-01 6.913625409155768620e-02 3.377274112169352527e-02 2.308634826709197313e-02 4.700591158266698849e-02 1.032963259295855696e-01 6.107288194999810349e-03 2.019616110294378958e-02 5.507416898117429432e-02 1.355326774177959270e-01 9.343367150353279471e-02 1.237109710633895084e-02
5.678396297626116945e-02 2.697719148237599437e-02 3.704425080721125544e-04 7.810831487125097705e-04 1.077011472841572217e-03 9.795131159762855699e-02 8.625364686924963387e-02 1.228937878208376383e-01 7.760878502035832745e-03 8.795886625519028224e-03 6.337396687110889715e-02 1.194276999137874745e-01 3.219530632563807893e-02 4.253046467666411756e-02 5.778444780358007321e-02 2.973515272288375366e-02 5.771678045922365441e-02 4.122125000879186402e-02 6.959651484991610966e-03 1.177318220263284254e-01 2.167825470346736172e-02
4.135736838705963980e-01 3.274046342575161472e-01 2.415884694150553444e-02 1.917290665570869565e-02 1.851860967451489370e-01 1.165135389943231002e-03 1.521854858543729167e-03 1.606708173050270388e-03 1.817146504655670070e-03 5.043177309430857923e-03 1.580834309186581214e-03 1.238039267277261110e-03 1.632503518765037864e-03 3.740856959283435541e-03 2.064983899776836641e-03 4.386512718085692217e-04 1.505152486056576767e-03 1.629798262241786890e-03 2.325492741381131150e-03 2.366879657171924636e-03 8.266169209512706090e-04
2.997621303733856712e-01 6.216137846207129281e-01 4.652581762727937484e-03 2.301818500477402756e-03 1.316955323355747422e-02 2.477579653234516545e-03 2.875907687085777625e-03 2.962503824794903828e-03 2.031121356635181337e-03 1.524751457165710034e-02 3.405816264072610011e-03 2.913964834228359793e-03 3.198019699957489401e-03 3.760066028526633155e-03 3.427104858194186116e-03 9.723919067457335863e-04 2.373901117948545338e-03 3.563854457043487672e-03 3.467711338474293355e-03 4.211197242838808814e-03 1.611476667700868911e-03
5.518171358836794216e-01 2.710507380449793113e-01 8.848638352237111690e-03 8.092408104542033603e-03 1.224409735584726516e-01 1.306068503638040199e-03 2.029909403341263480e-03 2.245434492486732964e-03 1.612477242805593737e-03 7.984268402041572871e-03 1.819760774588873855e-03 1.449433273907112458e-03 2.126789579568931065e-03 3.223840420191200797e-03 2.384081137289404372e-03 7.095149308053293625e-04 2.114665163784236121e-03 2.154212278400335738e-03 2.438422611090279059e-03 2.985554964057346179e-03 1.165672878093382487e-03
5.035944773925843387e-01 3.515954860297462181e-01 6.114736558081871470e-03 4.424634588403728724e-03 4.203375265025965923e-02 2.393179265235770899e-03 3.724611314272375118e-03 5.309103936891739449e-03 4.213854941340634298e-03 2.179631857644134460e-02 5.025965940625916860e-03 2.899603310386092859e-03 4.846408107533493360e-03 4.764621729217292587e-03 6.798723195568903525e-03 1.593963991933735778e-03 4.555690702391957357e-03 6.615892230697228635e-03 6.563849588041683995e-03 7.971769598957725508e-03 3.163356351389588848e-03
2.877072500820597734e-01 4.123852758815254593e-01 1.204435726936798137e-02 1.263054964624910417e-02 1.928975046349213351e-01 2.331424107216434859e-03 3.129359915002287006e-03 4.281048184930312354e-03 4.045775510022791080e-03 2.703297385172597281e-02 3.569829248835575466e-03 2.713820248072197801e-03 2.897808082299191748e-03 6.359360939025157644e-03 4.861984775155548007e-03 1.563194056573623996e-03 3.048659108950922941e-03 3.927514673670142245e-03 5.996261843919968755e-03 4.733607431102965744e-03 1.842440509372736358e-03
2.669876573287863208e-01 6.456846878268406309e-01 3.743768394069446094e-03 3.075574166743145956e-03 1.499713761266450139e-02 2.278385696662910912e-03 3.223986427377769758e-03 4.262567580710465917e-03 2.462046714524809398e-03 8.346022307821575337e-03 5.283377642437548163e-03 2.546465966866181228e-03 4.584900303443881393e-03 3.403096370060876459e-03 5.097834214495821151e-03 1.332322081184350191e-03 3.611883847127326814e-03 5.845934911692545789e-03 2.998826854406551595e-03 7.191964707475190753e-03 3.041559044608095098e-03
1.700891395271293682e-01 1.929317590571457963e-01 2.638218300757808055e-02 2.668032869812112309e-02 1.806427404288061533e-01 6.001782166183041931e-03 7.945823696558020760e-03 1.276039840129918404e-02 1.296893314276407333e-02 2.330542033138364166e-01 1.040807280778395343e-02 8.644211028765268548e-03 8.566947032196046280e-03 1.520397821649872513e-02 1.390582610738992815e-02 5.371465908954307401e-03 8.714211773312838596e-03 1.104815727031249750e-02 2.895841014358103635e-02 1.410995212018936393e-02 5.611476151594180575e-03
2.270453696641581698e-01 6.788501753942095540e-01 4.026521045688444267e-03 2.559680691581206306e-03 2.775135251974792522e-02 1.884328320929851272e-03 2.748605831439381204e-03 3.250280745745358184e-03 1.991442060526890743e-03 1.714505353599467610e-02 3.218751907528371627e-03 2.285183481893180400e-03 3.035162055421520341e-03 3.606075155665859362e-03 3.592965015140228962e-03 9.569830457458794242e-04 2.478848440791191817e-03 3.774914140152125456e-03 3.603531698981829109e-03 4.495807848720064816e-03 1.698967399938318803e-03
2.479905715810239997e-01 5.751673256739944229e-01 7.888549361990959685e-03 4.646125289254799881e-03 8.680614912290650353e-02 1.770274277699507987e-03 2.418416132288812772e-03 3.225409030625926102e-03 3.607419334097661592e-03 2.961143557616858352e-02 3.600287332802560008e-03 2.205659114176173295e-03 2.870193733151174369e-03 4.600882931863298046e-03 4.185829392206902658e-03 9.176460028081744177e-04 2.618288882012800769e-03 3.752207940262985552e-03 6.309832079730605392e-03 4.261817342400076383e-03 1.545679868534239427e-03
2.274710524943182322e-01 7.356913145318936254e-01 1.929227287039485652e-03 1.781155990932135587e-03 1.150591710144948689e-02 1.343133416733311315e-03 1.554420149431789142e-03 1.502140790672318749e-03 7.045387553021870012e-04 2.154140231355675204e-03 1.520328252666250596e-03 9.968180572940544930e-04 1.324597504677412331e-03 1.987716108028013233e-03 1.636678772637767485e-03 4.278632215651845543e-04 1.210481620227238288e-03 1.623170628892858531e-03 8.302011923240182854e-04 2.084064478182404319e-03 7.210394143762108949e-04
1.638857480581565676e-02 6.890024096389049321e-03 5.701629084229987510e-04 1.063312985690427785e-03 1.879319900990717319e-03 4.542736524147334559e-02 6.541395516952107358e-02 6.007724662461141896e-02 1.203078140642502292e-02 1.003608640782224781e-02 8.755398328684745046e-02 9.619658897845521917e-02 4.860941062721580580e-02 8.392086113481968257e-02 9.910408350166589886e-02 1.231076294008825490e-02 3.100355081382674335e-02 9.125453929711198342e-02 1.133714730226517871e-02 1.927994291718820585e-01 2.613281339865956496e-02
1.550519347654653324e-01 1.079006777221610536e-01 7.357315562113196823e-03 1.002546905812501735e-02 2.597499869508159212e-02 2.646995521391179787e-02 2.766799703490341669e-02 4.294579522039951303e-02 3.956536586397033789e-02 2.547775757437759428e-02 6.223671115582452007e-02 6.166566965412909745e-02 3.635044255853360495e-02 6.300389010949948576e-02 6.877161948278795456e-02 6.043604554798387082e-03 2.562889305750386260e-02 4.274966110654949969e-02 3.981564817095169240e-02 1.033829262219554540e-01 2.191366721695782796e-02
3.495907963026952808e-02 1.143873617505474817e-02 3.346794332372472910e-04 6.437622370355649843e-04 2.374783186618329399e-03 7.977298435199263460e-02 5.413644804321583737e-02 9.248509521873846118e-02 1.426412109818617213e-02 1.081403065328843949e-02 8.963878837275612854e-02 1.306128233299130859e-01 4.917288107501759098e-02 3.747260152766070801e-02 9.751328224471021711e-02 1.157315019012215146e-02 4.264206223571176402e-02 5.584068282283885520e-02 1.298710573938236489e-02 1.336965893083260082e-01 3.762631312592409211e-02
1.255315152316678617e-01 1.246065691536847458e-01 1.474844309623742598e-02 1.250515462284451478e-02 4.224967824916568693e-02 2.764959015848857463e-02 2.096019197907678100e-02 2.590334304299130724e-02 5.020787862576596428e-02 1.521858586089984075e-02 6.450199375828626069e-02 6.748204647597973171e-02 4.223147767513406314e-02 7.614466643330120021e-02 7.452750298199707635e-02 3.515390172678775540e-03 1.941705642513809338e-02 4.265329827244299793e-02 3.428437833683241343e-02 8.695947754139946029e-02 2.870176190598690280e-02
1.777230520294149074e-01 3.526669035374069283e-01 1.028233921302097592e-01 3.299312557495713560e-02 1.555839443583260928e-01 5.207104369192349161e-03 4.827158320394287286e-03 5.982826240997119079e-03 2.251156595563512039e-02 1.395976388934609680e-02 1.207822991175949538e-02 8.459548826946158145e-03 7.580859165925251525e-03 2.931871062034324335e-02 1.434412977244555604e-02 1.211705475482379368e-03 5.171901004466646252e-03 8.061115517655528459e-03 1.945726649839006617e-02 1.621439953096747225e-02 3.823297269738443194e-03
