4.897230232395795579e-01 4.512729286536399376e-01 9.327132458887854929e-03 4.921959343702000944e-03 3.002438409902946637e-02 6.612057396783234701e-04 1.230617999700888950e-03 8.183099527800726403e-04 8.773517884454654471e-04 1.337988187474584926e-03 7.424358627262256935e-04 7.645659188453910859e-04 7.790370051169295601e-04 1.784836224283435288e-03 1.098450237057647331e-03 2.079404968337655803e-04 8.922805220324168214e-04 1.061075290688017793e-03 6.828486818243389642e-04 1.330456259025711296e-03 4.611720386469188716e-04
3.636450049675696850e-01 4.787913561080246461e-01 1.235524579873002390e-02 4.806958284063510625e-03 7.864866732997177756e-02 1.826358764433372002e-03 2.792048601277370007e-03 2.834629111303356257e-03 2.701730307081436078e-03 2.198782486493062668e-02 1.836920539432056881e-03 2.803696271038292557e-03 1.224800782170861564e-03 4.943579736413388631e-03 3.276315737214107598e-03 8.228677323990578720e-04 1.998995849811456820e-03 2.253523459567955203e-03 6.091702527211630309e-03 3.769940399035574385e-03 5.878328283201622899e-04
3.763538402915716508e-01 2.767451759285952662e-01 1.673194496961903990e-02 1.118424670573638612e-02 2.273469388111593881e-01 2.192203790255994097e-03 3.342481973775371980e-03 3.431613898961228398e-03 4.782990769671696153e-03 3.852636255878173072e-02 2.758802486159840552e-03 3.158012983153820480e-03 2.303515487108953336e-03 5.903171140321561254e-03 3.841312010273819928e-03 1.491130493772150787e-03 3.306020926752984042e-03 3.346333593311480187e-03 7.422622331739681112e-03 4.218888641531333764e-03 1.612390207746313428e-03
3.997428388378588271e-01 4.320289869166449304e-01 7.711261164489338453e-03 3.520903114273072048e-03 9.644784579300021143e-02 1.145197929536904188e-03 2.136516779768976582e-03 2.226508693153733068e-03 2.635794820194539787e-03 2.803694134883480057e-02 1.521726066360830397e-03 1.752118070429603547e-03 1.395279190666598966e-03 3.535844705549746024e-03 2.498127555351650677e-03 7.416472100617793953e-04 2.165910887028180999e-03 2.246427491337007164e-03 4.911126343596691063e-03 2.784286911329327072e-03 8.147101705328746706e-04
5.156448364547644436e-01 3.737828522994380842e-01 1.446759192623755727e-02 2.732404938312958491e-03 6.039362432191926200e-02 8.960076996214539659e-04 1.582452050046936030e-03 1.341174700778825692e-03 1.925514913846281331e-03 1.037439967563488427e-02 1.042497372029912387e-03 1.371958388519964192e-03 1.013263716430004005e-03 2.892807917524330228e-03 1.711921604934013184e-03 3.615596313717698738e-04 1.344263424113182346e-03 1.505210330342707063e-03 3.213743353949204823e-03 1.906125072744549584e-03 4.957902074400695382e-04
7.137109219288569895e-01 1.983703979153310926e-01 1.447064346037714964e-02 4.043028033233259620e-03 4.261194622799946430e-02 5.875155499878956548e-04 1.739873501593794782e-03 1.494073110612394303e-03 1.484536941336708944e-03 7.346716955278770680e-03 8.233115326418544155e-04 8.329110309056623421e-04 1.086919698903462440e-03 2.101044417516201562e-03 1.279277084001139483e-03 4.813248402931460338e-04 1.772647674335165423e-03 1.509853826255115128e-03 1.909557684700440103e-03 1.789476390652987520e-03 5.540221951877301711e-04
6.360594202347994441e-01 2.276015935551053138e-01 3.223967311713065581e-02 1.119605370404872478e-02 7.449702558389986740e-02 5.582949155433722128e-04 1.374027590038672106e-03 9.295847649436165963e-04 1.252293787141672615e-03 3.629403170049802594e-03 6.276721999133928233e-04 7.280902723190078689e-04 7.618758256038904485e-04 2.135326077459908170e-03 1.008360058359539235e-03 2.730824324227853084e-04 1.128896403696090772e-03 1.072679891701643507e-03 1.210955970654621237e-03 1.331368027970934471e-03 3.843224171967660500e-04
5.596573882079399764e-01 2.530827588930484873e-01 4.699429734374269835e-02 8.173780185557772554e-03 1.051816575841529044e-01 8.077459667777554114e-04 1.436896837841739353e-03 1.072686374677735881e-03 2.480715421279072914e-03 4.197739817683411243e-03 1.058072466222222683e-03 1.257955930557911163e-03 1.142769089361527152e-03 3.465611722025641484e-03 1.697000306585221560e-03 2.602785937059027090e-04 1.264481105060790605e-03 1.447736285179325498e-03 2.881418783813689041e-03 1.815935508682562727e-03 6.230735761041096511e-04
3.183675597419592940e-01 1.631987613720316255e-01 6.476513164228629715e-02 1.483570169603859283e-02 3.788572627574006146e-01 9.693276089558405849e-04 1.738431991209519979e-03 1.634485580554483368e-03 5.223601691308916821e-03 1.994515947369677675e-02 1.400156219348439425e-03 1.630811140086242325e-03 1.304789235356018304e-03 5.701474741196457287e-03 2.534309071075423539e-03 4.262115642030332675e-04 1.742287682141268734e-03 1.954449909388629100e-03 1.045136778862249850e-02 2.618814103086743259e-03 6.999049900530648124e-04
3.874156649066042291e-01 4.904530628439531248e-01 1.296827391625608381e-02 3.620915183568746299e-03 6.932781743690806520e-02 1.262435517993213113e-03 1.895849780511455395e-03 1.612905487457162289e-03 1.765898301881039384e-03 1.106573717264373348e-02 1.159340606603963698e-03 1.849900773613758582e-03 8.751584906598665900e-04 3.397259376512169662e-03 2.061655319014287988e-03 4.385239691371368227e-04 1.284276599762940911e-03 1.480188680616111984e-03 3.266220911359373619e-03 2.389677248710332484e-03 4.092374762333270913e-04
5.610421774114553450e-01 3.248213537664202399e-01 1.944668587464431705e-02 4.654985658355599576e-03 2.724484371033692592e-02 1.179184613906137519e-03 2.693890626504556567e-03 2.716536809475215020e-03 6.684131407627169272e-03 1.348322993418995565e-02 2.595274670361280654e-03 1.876001378151687235e-03 3.144661857526110001e-03 4.249298162031850921e-03 3.821114078259244158e-03 7.422847883793685800e-04 3.917996911720683303e-03 4.065554735560980917e-03 5.062363387363363887e-03 4.244611693578070541e-03 2.313818524152095463e-03
3.870016368212101376e-01 5.765027578417494247e-01 4.297887221413500616e-03 1.344787490152047054e-03 1.502563164136849067e-02 6.493702648468579032e-04 1.254996188333077842e-03 8.768039647156834239e-04 8.254890173204767556e-04 1.933452980150561842e-03 8.130693179740933760e-04 7.947941692913501784e-04 8.435972251078695944e-04 1.626653735553372808e-03 1.186596073697166473e-03 2.289360521360223381e-04 1.003582111988428555e-03 1.216255214317761959e-03 6.847874655258809340e-04 1.379898758004285703e-03 5.090164451432014269e-04
4.747042978794057677e-01 3.675758239205682565e-01 7.174780403466354817e-02 3.539561816384744625e-02 2.420726491166784108e-02 1.718085934876766984e-03 1.593613972754275585e-03 9.379819742467174291e-04 2.390333330986311403e-03 1.042373956831681896e-03 1.800371334274175009e-03 1.927418963201462570e-03 1.468338763991935926e-03 3.734401415749044606e-03 2.029359385223901500e-03 3.717099217744999516e-04 1.012584291875109769e-03 1.593291273539339118e-03 1.511940149574024202e-03 2.076550988933047355e-03 1.160835432014629834e-03
7.969701400661064472e-01 1.249587653283283084e-01 2.912151027851837132e-02 3.782457585930775606e-03 7.469426617269459001e-03 1.514130692609803961e-03 2.664064608933184100e-03 1.851282722134140130e-03 2.956379351368251199e-03 2.963415127476645185e-03 2.058278384341513667e-03 2.227199975464135267e-03 2.647551064595595523e-03 3.515778510324420528e-03 2.328703596523538574e-03 6.083671976987032855e-04 2.600979692765211741e-03 2.648571242957592151e-03 2.361472685480326458e-03 2.707082930576607937e-03 2.044442340597097882e-03
4.166853719879017870e-01 3.341157974245956286e-01 9.742877957951327772e-02 1.486694983672919544e-02 9.501669004351769032e-02 1.432021046291414614e-03 1.552377513823960994e-03 1.306283682055869345e-03 6.157532130316081126e-03 2.893020029570783809e-03 2.422827053020088547e-03 2.174080116555971148e-03 1.799562989581324430e-03 6.262566620253818585e-03 3.359101310179094836e-03 2.870907182515203705e-04 1.332322937649272395e-03 2.247089175946810798e-03 4.584584316881362351e-03 2.928638338257140514e-03 1.147313149108168586e-03
4.977637379767519410e-01 3.996688132018824668e-01 4.995912641213912098e-02 2.763324120309121334e-03 1.473209487311684385e-02 1.898806946823376925e-03 1.704085992536610557e-03 9.966521818135581304e-04 3.614562852506589177e-03 2.716481581643084148e-03 2.243191111806727353e-03 2.910739376756263635e-03 1.955056018699983991e-03 4.679066563968043227e-03 2.627261021048436090e-03 2.219765493319418906e-04 1.361663611754696532e-03 2.217568696648784723e-03 2.596605482938377750e-03 2.150455053593001899e-03 1.218730373930972024e-03
2.012733454508992270e-01 5.986025281579062662e-01 6.652708284704265604e-03 3.241258388617466232e-03 1.073928731960839197e-02 5.345218059507189645e-03 5.424964466634089010e-03 7.097233971174174601e-03 1.375075431125715765e-02 3.121582942412637687e-02 1.212435455510391287e-02 8.796222155985890245e-03 9.398306509083709584e-03 9.530016039496559330e-03 1.321650855014485336e-02 2.249901138859651106e-03 1.039407138328087704e-02 1.372809083688805720e-02 1.225050021582361690e-02 1.066127450797747789e-02 1.430762627292046785e-02
3.029449786155287150e-01 6.571154188016592457e-01 3.502653057567614841e-03 1.107874852827676979e-03 4.454046080609746876e-03 2.006069977307824593e-03 1.978876530637498857e-03 1.229354978029783456e-03 1.587642241641927607e-03 2.927398103394637362e-03 2.186612764918757779e-03 2.713877735581199640e-03 1.806496944531804432e-03 3.026264377356879115e-03 2.266860892735139601e-03 3.418945942265543859e-04 1.549143042091592586e-03 2.277599883442829251e-03 1.414309526127761028e-03 2.097037980097126234e-03 1.465589019686224003e-03
6.648620282997681485e-01 2.233129686138999315e-01 2.128731395509578239e-02 6.308860995504202845e-03 2.066904548651907550e-02 1.368167868674075808e-03 3.165905715846063090e-03 3.034421557839478856e-03 6.441488696420753085e-03 1.202107498262516318e-02 2.582997632505155960e-03 2.121345208162190351e-03 3.452395891577688877e-03 4.170242458349817521e-03 3.660182584056621315e-03 9.563912090976812389e-04 4.473780807731837263e-03 4.004093498318500415e-03 4.903269069777676722e-03 4.469527189549426550e-03 2.734498278681025008e-03
5.915857121732873841e-03 3.022425221659124674e-03 9.965518565089744561e-04 2.812196926063278458e-03 6.977668505432641291e-03 2.107993178958385838e-01 6.434981516663243473e-02 3.408909345989684370e-02 2.206850747739898949e-02 4.413356570974627524e-02 5.958987633920425492e-02 2.263059588176711268e-01 1.933477752429325555e-02 5.084495375835978298e-02 2.209422966395539756e-02 1.432427932752793932e-02 1.184546567291767938e-01 3.741392264496481296e-02 1.381702366867056976e-02 3.133550107464696394e-02 1.131982111061912745e-02
2.616050926624163830e-01 6.523332107457798790e-01 1.197828581624427180e-02 7.161205792854104767e-03 4.066791381079302298e-02 2.085906470873335333e-03 2.152597362343158533e-03 1.407407075421750068e-03 1.129493330433710202e-03 1.915642471463234508e-03 1.325702508014806871e-03 2.579024457427797536e-03 8.658304333249913906e-04 3.403312690647324404e-03 2.241920271796079243e-03 3.293367464700008352e-04 9.362885341364383853e-04 1.255993277551009256e-03 1.313750195957719700e-03 2.891709624501269393e-03 4.203757215492873460e-04
5.065830822693401236e-01 3.335849001842605688e-01 6.905432759636201401e-02 1.406934979779824423e-02 5.555133356156961855e-02 9.153983220022527626e-04 1.269132926635956190e-03 9.599133253265212115e-04 1.989168701584108877e-03 1.673004598390606668e-03 1.077367461360725746e-03 1.213165587946337656e-03 8.972563465850512702e-04 3.092405743731558871e-03 1.664984630684443467e-03 2.177818358639640160e-04 8.714161212877557378e-04 1.252821428738702843e-03 1.805875647763217819e-03 1.798638946551958098e-03 4.586749662166106876e-04
2.756673875016715236e-01 5.598989570401365912e-01 6.914393849444558371e-02 1.336422165284313623e-02 3.978284136639271412e-02 2.672689588027517098e-03 2.365824427076410139e-03 1.660483799883391868e-03 3.210202857117066665e-03 1.745780321885174926e-03 2.760367506075393079e-03 3.519020136505621350e-03 1.729169915806175704e-03 6.375952615933226132e-03 4.244385516959679749e-03 3.215112396675325296e-04 1.293547379060041528e-03 2.418499116829760445e-03 2.527605166663237941e-03 4.398421273062821935e-03 8.991930839580639795e-04
3.673297383038409136e-01 5.678124359478761152e-01 1.074417432673199953e-02 2.127159293418764974e-03 1.577016185941458939e-02 2.743160587401678643e-03 2.256263621355767725e-03 1.598973647712369911e-03 2.335658861497321836e-03 3.458660571668443172e-03 2.268719763644508076e-03 3.632992500485172221e-03 1.432047078180974159e-03 3.834323482258122917e-03 2.826629757444095933e-03 3.848832427632546292e-04 1.283067967923251680e-03 1.914777516863775623e-03 2.388769422244634011e-03 3.139638311230130794e-03 7.177639360435684535e-04
1.995863814240685374e-01 5.009227210789506390e-01 6.441425936655699458e-02 3.143822762293906059e-02 1.399731862716885600e-01 3.389779836232785157e-03 3.436079948714365617e-03 2.730976403835469815e-03 4.164975451157578758e-03 3.256236089172926448e-03 3.525728374881954581e-03 4.719273442491417163e-03 2.273296794352685796e-03 1.106398001150147963e-02 6.807949979969482070e-03 4.950529591088416665e-04 2.005162434438507307e-03 3.507154065062028422e-03 4.543326902865972398e-03 6.552789670354153100e-03 1.193461871656518927e-03
3.258169146776231373e-01 3.698484830390022515e-01 1.351950862736741032e-01 4.585972879861793805e-02 8.479818652939324908e-02 2.184620561511305299e-03 2.294326543164999267e-03 1.624363024436583812e-03 3.045353031069835282e-03 1.841768436319961852e-03 2.106260878302500597e-03 2.871462504136250080e-03 1.585452599852306497e-03 6.413520188430892228e-03 3.284752300479930158e-03 4.340506704204871984e-04 1.309231027688663104e-03 2.000378573537610772e-03 2.783043950718943910e-03 3.793754938943718659e-03 9.092614526746094607e-04
3.253030961675792976e-01 4.603993971404030106e-01 1.179616615973710508e-01 5.151970376967484472e-02 1.735914500554398485e-02 2.711772470479329854e-03 1.952227010839631231e-03 9.609839243100065697e-04 1.842757172504725770e-03 6.193523214524317188e-04 1.891209702568282013e-03 2.791527170933661133e-03 1.426924530722461408e-03 3.949558660029241046e-03 2.118500670806040213e-03 3.793809048560835783e-04 8.806401447691440719e-04 1.423594413835199864e-03 9.535013181295361054e-04 2.544414699325870267e-03 1.010651203866629304e-03
2.777723127596594122e-01 5.359758616141446774e-01 3.061458680116539363e-02 8.547220744040028712e-03 1.040421536892427445e-01 1.937181167655887496e-03 2.229696835003232985e-03 1.919991294093536215e-03 2.993835568328153014e-03 5.437719982184372608e-03 2.061584124959520148e-03 2.812365781044277261e-03 1.301584666561906092e-03 5.834416388772597703e-03 3.950271797301920657e-03 3.556930462525404509e-04 1.413427592186990503e-03 2.226170346760194749e-03 4.133107412632735719e-03 3.827208457006639475e-03 6.136099310038401963e-04
3.091259446161451208e-01 4.024340248386068519e-01 1.410188780058680424e-01 1.435472558671362260e-02 8.122714104878793473e-02 2.289880517788912655e-03 2.060711009722243203e-03 1.529305364180109797e-03 6.204295972411672314e-03 3.079172428119332332e-03 2.933568020756228446e-03 3.456360889523805643e-03 2.059962965800551330e-03 8.545282607314942658e-03 4.691322295111878884e-03 2.930598411027139269e-04 1.487170795565978662e-03 2.776601386341904718e-03 5.261211645036817375e-03 4.055626131102072450e-03 1.115754033999224711e-03
3.257476897527410986e-01 3.147003185996242736e-01 1.294708082391178294e-01 6.349230940604709550e-02 1.291683464949959226e-01 1.938629322054192649e-03 2.226235103254217262e-03 1.698326291908571969e-03 3.055274012458126295e-03 2.312763117017715628e-03 2.025695583124114199e-03 2.498054957343709501e-03 1.507710154351518542e-03 5.927195437940258396e-03 3.059040681707676269e-03 5.424288096865378331e-04 1.390356027186946631e-03 2.019722857186957970e-03 2.931744503188675639e-03 3.353857912534029262e-03 9.334927365305503754e-04
2.294493157070679190e-01 3.381938873002317270e-02 1.470726371197261240e-01 2.029405076439210961e-02 2.216606595313258821e-01 2.197803519318644854e-03 3.149519058552129654e-03 3.582924468495638903e-03 1.361941065156844488e-01 4.013865857899274331e-02 6.387623829123115909e-03 4.992002632208908212e-03 6.059456744536353967e-03 1.144297371828346607e-02 7.270371035919194133e-03 1.441541042011236029e-03 6.587629045047418280e-03 6.086713621765729720e-03 9.938035959081285842e-02 5.579084481032548642e-03 7.213180265680345371e-03
5.632195947908900102e-01 3.659167130959369851e-01 1.186731711534940933e-02 2.869880697905907111e-03 3.351662646232539400e-02 7.355798466085162416e-04 1.414967854395510118e-03 1.223783123739884430e-03 1.696901975145454627e-03 3.681337711425913210e-03 1.055078932281991065e-03 9.830754509261726247e-04 1.019368468204639435e-03 2.250235475978108659e-03 1.467268293868392382e-03 2.971023787902978908e-04 1.208949216494295108e-03 1.377875877800065901e-03 1.787394658620714482e-03 1.826738062086969740e-03 5.842105112259354371e-04
4.149428884381326510e-01 4.634830503595078754e-01 4.203979195700342265e-03 2.554349403007524517e-03 1.207962976875239479e-02 2.457314802802839770e-03 4.618349868356652968e-03 6.316998956079216548e-03 5.027560889489293347e-03 2.420938567488842633e-02 4.273600334932026353e-03 3.423156065997032607e-03 4.535138304746591000e-03 5.528458500366257959e-03 6.239420396315142024e-03 2.397773243812021098e-03 7.843748148935075423e-03 7.272189653695523143e-03 6.193543780272780554e-03 7.564226405873252825e-03 4.835237808337349355e-03
3.618277918599044907e-01 5.898918452761413578e-01 5.992936380723183805e-03 1.387835033242069277e-03 1.539166125870015250e-02 1.372683983959051149e-03 1.536269503356622271e-03 1.134642742440656639e-03 1.492848343438621904e-03 3.296685224410231870e-03 1.528305544254044595e-03 1.800176741812549008e-03 1.196344827183770708e-03 2.821524470118146836e-03 2.032840716535783132e-03 2.746011728037253447e-04 1.156409547913798920e-03 1.717944959886541023e-03 1.572511201863311834e-03 1.862686272994185533e-03 7.114549383173820541e-04
1.734370532204969062e-01 4.703247038401737190e-01 3.452257704559771184e-02 1.184004486082910861e-02 1.907389992944754642e-01 4.489024122693687988e-03 4.197306479163719593e-03 4.335837002523530367e-03 1.050370970759560707e-02 1.128268496484993548e-02 6.743263673151544263e-03 7.677755898159740675e-03 3.488240526410586653e-03 1.635778384985508288e-02 1.340858856166178038e-02 5.959468123378745688e-04 3.078064862450501787e-03 5.994626221711841889e-03 1.484174747156289872e-02 1.039441132129879063e-02 1.747630263000301025e-03
5.128003559477092299e-01 1.636833981408517547e-01 2.390001858331289655e-02 2.616397787614606688e-03 6.153648291566657380e-02 1.874694299491858930e-03 3.308352625148679865e-03 3.264008765206326355e-03 9.708470801983339407e-03 1.504984561265507448e-01 2.568013766450003357e-03 4.113134046934777306e-03 3.045343825998376736e-03 6.486896539104823091e-03 3.775212697738261278e-03 1.237104877369620687e-03 4.485511154312391176e-03 3.975261119448829199e-03 3.137119337408844633e-02 4.100498077517386770e-03 1.651194527500392684e-03
3.241348461419257809e-01 6.119088084912314152e-01 3.581664455760911244e-03 1.854948206591181805e-03 7.489528230345904314e-03 1.734100915280213737e-03 2.837584817323024131e-03 3.157222978876723495e-03 2.556204562261225281e-03 6.240737380805779812e-03 3.124260951470107794e-03 2.056070126918966342e-03 2.834150299310719129e-03 3.716871325332165351e-03 3.993052894007763191e-03 9.478437959817356817e-04 3.644680641573119252e-03 4.632050158675269508e-03 2.227568621218271785e-03 4.618194463864117201e-03 2.709610541245623724e-03
4.598723400531142258e-01 4.180980921415963225e-01 1.604318889659177641e-02 3.251027059355639844e-03 2.913869755253007190e-02 2.882939732619976998e-03 2.911590761318507727e-03 2.622405763552616929e-03 6.809334028916893405e-03 8.307077764750257429e-03 5.311402727843517017e-03 4.760933986637927787e-03 3.891073435069257631e-03 7.747947674871713888e-03 5.594091811762123487e-03 6.739957868109644045e-04 3.277839375012454957e-03 4.804980741122803246e-03 6.296548987937283966e-03 4.315613580113827896e-03 3.388878138471643989e-03
5.441720490396940724e-01 2.936767511277861287e-01 1.257971291978897226e-02 2.752321621474115073e-03 8.372221885632208371e-02 1.513088459332293228e-03 2.483295263490694488e-03 2.269177223557661792e-03 4.452929957819148216e-03 1.821114835734118434e-02 2.305420084337596234e-03 2.760137503808297779e-03 2.333025209820648125e-03 4.875067073677541787e-03 3.125715864993421338e-03 6.790918481870053796e-04 2.733605182263787025e-03 2.795083629426083592e-03 7.770486014622634760e-03 3.222112692144108153e-03 1.567562070112217673e-03
2.231674255036552312e-01 1.204079335098577896e-01 5.051746537997731101e-02 1.402551352149422441e-02 5.414724193106361660e-01 7.886028060293999182e-04 1.270305823941654706e-03 1.203690010194581822e-03 6.426947941347471022e-03 1.194220217892430665e-02 1.310605922378154384e-03 1.401632121913928700e-03 1.257741162982907706e-03 5.641252747082360630e-03 2.472936359590498234e-03 2.541855653459512395e-04 1.406134899863790977e-03 1.704185407340722339e-03 1.032287609812220994e-02 2.276118956726151145e-03 7.298247725952253283e-04
2.556059825764916416e-01 2.095634955485222994e-01 1.337931969867247294e-02 6.131955241642552887e-03 9.802962812658101710e-02 9.288088881075557898e-03 1.143397878379035469e-02 1.504192714876923659e-02 2.637566316955653953e-02 1.472244240700876228e-01 1.284820857044156536e-02 2.001498422738997099e-02 6.729490888790222274e-03 2.488377596179353404e-02 1.865478579343923110e-02 3.316862272447439024e-03 9.729857176145112127e-03 1.047082273411813549e-02 7.369361449522371377e-02 2.388922991380323241e-02 3.693904721218591817e-03
4.272083996863682009e-01 1.224197959375327854e-01 2.818758946511395469e-01 2.472896105686014229e-02 7.174280625039883286e-02 2.816337566874359006e-03 2.071063044913396944e-03 1.454554580134038945e-03 1.370396657319731398e-02 3.146611470988481835e-03 4.398559230882039851e-03 4.890834812387333773e-03 3.326744332052329178e-03 1.147310857457060906e-02 4.859848194203752851e-03 4.247406640452801915e-04 1.892221420216850820e-03 3.157563668737733975e-03 8.154365289453494384e-03 3.740432246217266759e-03 2.513190748826481507e-03
7.717454935636826330e-02 1.718768900457998128e-02 2.297196801243889808e-01 1.610602951679947908e-02 9.288528616035111873e-02 2.776248140215127527e-03 2.462415161502611981e-03 2.598539291989638168e-03 3.453037722635831641e-01 1.816199799522079730e-02 8.830044382053068436e-03 6.435236809828091299e-03 6.945619493196083898e-03 1.694900932492162185e-02 7.712790162696592060e-03 1.240572447878744407e-03 5.232815382369001948e-03 6.365187918383697664e-03 1.218716563099136591e-01 4.634934095601964989e-03 9.405926658158944229e-03
1.909399118133891515e-01 1.391205316719691387e-01 2.686504452172933100e-01 1.832238220690552560e-02 1.983667407737813859e-01 3.524671954236382240e-03 3.135017696664447410e-03 2.924241147499376161e-03 3.985553757715303014e-02 1.488435036747430204e-02 7.022786117520952651e-03 7.226795965909257359e-03 4.987975608058806826e-03 2.233197160044629939e-02 1.075577509804072004e-02 5.596937879030993140e-04 3.477573352168052828e-03 6.181457361136129258e-03 4.659035484783063952e-02 8.179799805311947086e-03 2.961986029307823749e-03
1.971797892022493781e-01 4.672069456784306296e-01 3.615842987595026953e-02 1.351253847446286585e-02 1.627792333367731048e-01 4.476718617557709154e-03 4.993120915091945992e-03 5.427895790435916662e-03 9.142549635048180523e-03 1.364846792371139303e-02 6.601904199420447622e-03 7.551415457310008995e-03 3.488029434251974786e-03 1.606127681946765973e-02 1.298070020341959667e-02 8.098793998547221436e-04 3.537016288064235257e-03 6.296041965887094749e-03 1.507582179902068609e-02 1.140377229036963237e-02 1.668452693222072800e-03
2.850109613439733014e-01 2.093501240493437221e-01 2.775731020766992671e-02 1.054717381762901827e-02 2.691434184303708732e-01 2.445271201880888905e-03 3.669637828939952603e-03 4.278518083064339513e-03 1.045793818047058114e-02 1.046360446852525883e-01 3.731945431476218003e-03 4.235670918251057196e-03 3.030484126540663754e-03 9.004047784159332352e-03 5.972991730976298132e-03 1.472326423968039642e-03 4.182208984631297262e-03 4.675380975290897335e-03 2.874059116591782398e-02 5.790844673411300533e-03 1.867109956782129262e-03
4.112138302660636735e-01 4.060788652061141368e-01 1.253384445354613526e-02 2.997143878512559430e-03 9.448103525024410809e-02 1.994789443987119489e-03 2.557769367852640811e-03 2.543335466755940188e-03 5.868743651655115336e-03 1.701057737199252601e-02 3.431893941932843452e-03 3.563837712143584375e-03 2.779307168769727318e-03 6.483676098849062465e-03 4.584096256158347316e-03 6.430329200739791145e-04 2.873370281315522183e-03 3.623312910891803885e-03 8.794763112928927207e-03 3.977132409168433920e-03 1.965642831043073850e-03
1.454769026156370326e-01 1.911236690912033465e-01 5.620420193797028702e-02 1.429805185313666634e-02 2.988830400308936652e-01 6.176264162363004004e-03 5.782183873028126989e-03 7.068042667450672931e-03 4.151252485600620545e-02 3.250222747839363185e-02 1.327311270703523428e-02 1.354146855779388148e-02 7.148779522709043655e-03 3.087316169619541695e-02 2.414202737740762938e-02 1.003357912058018596e-03 5.886961645426907683e-03 1.101030674097936042e-02 7.263029698656826849e-02 1.762325494541278764e-02 3.840163342330736845e-03
4.357927703031729827e-01 2.328840404883452397e-01 1.155629826223696643e-01 1.237973780621600545e-02 1.493612508014710849e-01 1.746170186981856227e-03 1.937931989908360086e-03 1.472852046348294749e-03 6.574197481069549154e-03 6.585785067847877740e-03 2.116383900034617474e-03 3.016251908198584655e-03 1.884558350253434482e-03 7.510641854715746288e-03 3.333207820445840096e-03 3.123389968071600925e-04 1.606062745910458731e-03 2.212038603255973759e-03 9.421749433519461744e-03 3.269990325102411534e-03 1.019057268025326188e-03
1.341096594649569540e-01 5.148167344999163841e-01 1.476520554621347028e-02 8.544062224683171211e-03 1.759585121362976234e-01 5.885671722784206923e-03 5.119736675492849755e-03 6.675380571487548979e-03 1.111580995426634209e-02 1.782268779871796702e-02 9.637558847541959420e-03 9.975002214525739361e-03 3.870938577711833216e-03 1.616482826057332248e-02 2.002729144751300497e-02 8.529951131117449606e-04 3.852911474947803838e-03 8.048053316186500050e-03 1.732636158683419775e-02 1.357403683741970589e-02 1.856561728817350499e-03
3.045732071264288798e-01 1.538022528237044384e-01 3.733354512330440411e-02 5.739254603138036100e-03 1.569430075154855386e-01 5.434978429738163488e-03 5.442738669054167019e-03 5.874886113307584840e-03 6.007130694111396940e-02 8.116021619841438939e-02 1.293373315474838532e-02 1.318519830381226395e-02 1.106419374742349283e-02 1.732877492149920845e-02 1.279649394065352982e-02 2.138076535227291779e-03 1.064815457272935521e-02 1.189029582936419575e-02 6.846976520340726513e-02 9.092055720792560983e-03 1.407786452665233355e-02
1.637421755676691237e-01 1.012807977939600562e-01 1.315442706891725537e-02 7.874005792438685744e-03 4.671308065493559591e-02 2.145944768297793764e-02 2.127793176496945923e-02 3.058939319327360837e-02 9.108734414985712735e-02 3.149395547862306188e-02 5.212365363717065547e-02 5.309983370634539790e-02 2.298308556832143190e-02 4.617988118620898474e-02 5.867957250464000268e-02 5.121328014489029412e-03 1.953419526220365188e-02 3.162565593013465237e-02 9.242109266002530854e-02 7.543710560523786413e-02 1.412203677760118410e-02
9.762749233067802290e-02 4.322369072704296961e-02 1.019739620501136342e-03 1.178108020628840626e-03 6.965579146954076900e-03 6.912120414657944856e-02 5.652556235898095055e-02 8.601843344538794012e-02 1.602097241005344050e-02 2.930283418789879704e-02 6.219197946716480824e-02 1.366447640230653016e-01 2.443694639329898124e-02 4.700011832790244176e-02 7.975033003889113459e-02 1.436112913322406398e-02 3.930077575170803916e-02 3.720525421031743024e-02 2.037251732312759037e-02 1.177206734503429136e-01 1.401189548625268559e-02
6.254211674006227017e-02 2.950888613687915885e-02 6.662874574644267987e-04 1.121875461938602429e-03 3.632119334267454921e-03 3.296754973928550658e-02 6.329799466398317032e-02 2.490964810094804527e-01 7.942724896372536925e-03 6.517749933411247365e-02 4.254966064517601981e-02 6.476280377516112352e-02 1.348839517436779822e-02 3.291947571523700516e-02 4.901078957528821195e-02 7.270318956833363155e-02 5.546662036397786294e-02 2.910993639988905882e-02 2.531568839534581797e-02 9.244604193947275617e-02 6.273863673904845305e-03
1.749389080503244154e-01 2.461319619783566282e-01 3.187873671521431699e-03 3.342123882788502684e-03 4.640851221930087506e-02 2.583271727722321123e-02 2.653516327086389431e-02 4.619061826930022374e-02 1.827690858074193861e-02 1.006891267832021319e-01 2.621568813787867117e-02 5.308924122397214174e-02 1.048265006591083889e-02 3.058991561571782272e-02 4.169637157687642454e-02 1.006945290846285312e-02 1.956473974148123171e-02 1.854300029426816931e-02 4.267841338591129435e-02 4.985087562715352638e-02 5.685737438743539499e-03
1.132219369982355728e-01 4.532141629617623263e-02 1.155258833804576968e-03 1.357299901744679540e-03 1.061795915372591020e-02 3.584265590705053989e-02 4.181289116915879595e-02 1.360703153894455841e-01 1.809994577584786782e-02 1.002106395599141331e-01 5.026038874147251839e-02 8.207888107079479301e-02 1.487742599644239529e-02 2.921051435304072852e-02 7.145031001925168657e-02 2.750393339866109496e-02 3.923718470779383183e-02 3.346306737666914638e-02 4.523602305608283303e-02 9.578245406052472710e-02 7.189498234162292750e-03
2.737358764896506008e-02 2.569098938288883957e-02 6.731181733983389835e-04 2.270736489416029166e-03 5.279086441065832837e-03 2.599161059189112818e-02 6.345440826886585006e-02 2.502053029027010433e-01 8.907546916370304851e-03 2.178334554993354918e-02 6.096745783885446079e-02 4.915964601048757043e-02 2.801251974548769202e-02 5.580723912255603630e-02 7.877995366248249920e-02 2.932764627760471240e-02 5.085214601914807286e-02 4.891429732126076346e-02 2.672174187901061107e-02 1.266646077161407424e-01 1.316301204147081114e-02
1.242621475385436158e-01 4.142247323813035009e-02 1.695516894882080324e-03 1.049035509747118459e-03 3.418558663758162336e-02 1.620094848679511090e-02 1.485595333269767830e-02 3.164896808824271823e-02 2.862266710952317272e-02 4.243263509114483800e-01 1.734268373401285854e-02 4.332623033077972335e-02 8.009479362893931823e-03 2.055176744422915897e-02 3.032911806562305426e-02 9.303306483284267542e-03 1.841218667952939161e-02 1.576327583220781675e-02 8.414464765480797470e-02 3.040545214571141117e-02 4.142204519328230618e-03
2.422404376853601327e-02 1.264782801568068056e-02 3.293459877195044783e-04 6.662260132728224172e-04 1.213712352139253558e-03 5.160857988653216183e-02 1.018235327712504884e-01 2.069904637652544288e-01 6.878245563013320706e-03 1.309804469937600295e-02 4.795656544078843314e-02 7.668777217269481805e-02 2.818571303017059979e-02 5.328828494918436826e-02 5.073308009425715054e-02 6.486502220075347769e-02 8.367778581310157671e-02 3.788735069918696546e-02 1.172462832721360426e-02 1.100442984115948264e-01 1.546947603827880310e-02
4.027110606507276758e-02 2.554822085860322667e-02 1.879310167143649320e-03 4.495020817032348640e-03 6.080003537767900840e-02 1.125201273705850671e-02 2.670145167011920076e-02 1.232778752281253748e-01 2.476486076805297504e-02 1.286615063901708766e-01 5.462090350593248878e-02 3.091616595022255581e-02 1.694534698295886710e-02 3.909971788593066822e-02 8.682707869496882058e-02 9.407340647109022763e-03 2.664290491199900954e-02 4.118727981514626324e-02 1.456411106215196316e-01 9.277319687244552082e-02 8.287554032708931845e-03
7.257902216805875439e-02 3.489902538941005994e-02 5.692575158952843791e-04 9.489529801541237482e-04 2.122796931355962549e-03 6.833210297940220390e-02 8.466242961584891091e-02 1.383502326606412536e-01 8.796673226872539497e-03 1.761346581308693982e-02 5.338588840709752176e-02 1.111560781784348556e-01 2.253554626729938754e-02 4.397268457536353953e-02 5.695426149132520877e-02 4.370150373851491854e-02 5.874128504395149941e-02 3.358565536460195872e-02 1.241410882734852485e-02 1.220947734372512944e-01 1.258425538808548468e-02
3.533023379428768540e-01 3.757375539859270086e-01 1.596595479642957949e-02 1.069841101877427696e-02 2.202272040937703346e-01 9.143120186654274091e-04 1.374633490031394257e-03 1.011021250451160213e-03 1.442929466950520915e-03 5.884685075519697876e-03 7.651055699842940032e-04 1.263582038760433304e-03 6.930694777869573922e-04 3.003434647000348401e-03 1.420715358053462876e-03 2.605769382837559147e-04 8.996112753154588294e-04 9.865911999079424004e-04 2.101255223381163616e-03 1.692447316258480477e-03 3.545678158709804437e-04
2.787032164530161560e-01 6.478847402721806814e-01 2.682449072096766435e-03 1.163921831581261369e-03 2.146721871976771043e-02 1.562029742263410176e-03 2.406415023051530159e-03 2.188784755584916291e-03 1.468800354868134367e-03 2.029104166490361058e-02 1.341445025591856246e-03 2.260137745365090999e-03 1.093244046414864517e-03 2.887418103630521368e-03 2.155777208449486618e-03 7.734164768485844591e-04 1.855537269769144291e-03 1.869337080213522668e-03 2.857034587519738204e-03 2.532943727316235624e-03 5.550908395673308585e-04
4.761145714215306302e-01 3.420268668178392257e-01 6.901833130479078510e-03 4.468042953836738954e-03 1.398837173443558124e-01 8.753238372513082221e-04 1.629953159253617195e-03 1.283515581662534374e-03 1.266335537463718656e-03 1.161057276023779762e-02 8.116366771748653557e-04 1.230817499975212859e-03 8.385319526986366673e-04 2.550790709681906385e-03 1.352686086760825600e-03 4.530921699167558413e-04 1.292153919152146417e-03 1.186096308411517227e-03 2.064200389811582294e-03 1.696355475684865064e-03 4.629062668214985058e-04
4.902868318027315819e-01 3.528830772585164754e-01 5.353568150840111624e-03 3.424909498148455932e-03 5.894486255994314805e-02 1.068406562243686981e-03 2.953331180954306238e-03 4.065586007603334134e-03 3.571896092869412866e-03 4.402716771363383852e-02 1.911800225153294187e-03 1.602497328639550939e-03 2.032316948588529498e-03 3.530234656500862069e-03 3.121265334330786383e-03 1.724852135870424095e-03 4.401440103163413962e-03 3.431351727406167871e-03 6.207556074607852373e-03 4.130932581337420396e-03 1.326116056917115349e-03
2.316086421992860633e-01 3.947480597981826711e-01 1.618592164561219113e-02 1.458848964392295278e-02 2.202414861417102132e-01 4.077742079921909020e-03 5.275755642509015637e-03 5.639051797507330099e-03 6.077750680592888290e-03 4.311896409371059752e-02 4.476413951075177214e-03 5.415384315482752418e-03 3.265776784704793947e-03 8.927736621313506205e-03 6.413814174745453671e-03 2.495886149727585910e-03 4.688016155927916991e-03 5.197398877788451943e-03 8.393893310079222209e-03 6.810448360081308716e-03 2.353367576118633574e-03
1.210064123818325177e-01 7.807485823308107920e-01 1.627565540435473588e-03 2.068626003462105661e-03 1.800941553660704089e-02 2.051948877831843293e-03 3.881250957452905739e-03 6.294430485158283503e-03 3.375270248133233671e-03 1.494078339780734697e-02 3.768122787566799154e-03 2.301862058658800479e-03 2.731988935714967613e-03 4.764545336197744362e-03 5.886048692895598164e-03 2.200046546596261081e-03 5.721002121257661235e-03 6.157347958275224444e-03 3.385707846385189318e-03 6.774193488487554628e-03 2.304848468432266467e-03
1.374524636089801410e-01 1.527722271551962829e-01 8.208586499395759475e-03 1.029467479239588520e-02 1.033124975410247698e-01 5.871361657092837028e-03 8.404015702829680662e-03 1.288908642285512864e-02 1.253281579153348035e-02 4.336348188593488473e-01 7.272371991553312244e-03 9.796217050894739237e-03 5.064895214221620291e-03 1.300093993639184382e-02 1.107017559180855509e-02 6.695823600495840605e-03 9.721985078870211405e-03 8.581068139083755653e-03 2.859360562614599380e-02 1.151374213885947122e-02 3.316627601021156398e-03
1.443768343261887799e-01 7.195739126256477380e-01 2.875045890835091576e-03 1.974342763460655396e-03 5.046464285778493736e-02 1.721353191771314009e-03 2.999453844340581841e-03 3.438482811917174201e-03 2.512840904684531841e-03 3.989384039461026099e-02 2.080697981617315919e-03 2.543144629991795063e-03 1.568820522115239782e-03 3.920000765514816340e-03 3.626153296580266871e-03 1.168073334696169592e-03 2.965922077500848363e-03 3.063191213317615139e-03 4.368192741579048945e-03 3.913044573837681436e-03 9.520092520083768117e-04
1.758102333261354622e-01 5.382894816935666071e-01 8.003606973094290825e-03 4.282891509355342234e-03 1.279612641621324098e-01 2.196611064363210731e-03 3.421042265041739430e-03 4.575209026769606717e-03 6.032853583708936568e-03 7.772049037026408647e-02 3.634486801461333638e-03 3.586335189953532027e-03 2.521657228533666882e-03 6.444498293200858451e-03 6.164691182871693403e-03 1.405943868052601580e-03 3.903069234984745534e-03 4.662073962957804726e-03 1.200301191371742904e-02 5.785163294183913625e-03 1.595385055651371911e-03
1.079895453799711996e-01 8.630837328431091304e-01 9.983371734876530287e-04 9.636240688749520217e-04 1.452807621189427384e-02 1.115876435551185633e-03 1.100179056896075916e-03 6.867743624268518978e-04 4.120663627350151423e-04 1.343768769674706740e-03 6.830685652808613992e-04 8.667756872047450078e-04 4.328326819054879870e-04 1.355073425017734156e-03 1.022379957055709549e-03 2.072699410270325800e-04 5.507059406022417856e-04 8.550161440828953551e-04 3.663595049457182883e-04 1.152704321725274948e-03 2.858331665308765849e-04
2.643009553432879803e-03 1.822718096785012594e-03 2.111984915553466989e-04 3.716690978730364798e-04 6.696880598228752667e-04 4.646423695441846691e-02 1.402625860752672315e-01 1.292929407807872078e-01 7.512979599724599333e-03 1.136181410391211288e-02 6.282655784549183442e-02 5.811288033910510381e-02 4.246129718432528621e-02 7.867090879953082816e-02 7.241119233450947490e-02 3.813612192191816880e-02 6.306591374170550379e-02 6.482897974512960571e-02 1.275910942515736529e-02 1.396742458604019743e-01 2.643995198914544237e-02
1.736519259086244937e-01 1.562352456019224511e-01 5.328410324349113977e-03 8.618213936460596136e-03 2.595591187911119174e-02 2.803366714279162050e-02 4.025774384079176121e-02 6.246095931866046252e-02 2.230828194201104828e-02 2.645205469859729028e-02 4.400995798834891198e-02 6.075334596963796741e-02 2.229020017167825107e-02 5.232337529653101338e-02 5.336104785535333850e-02 1.080825371983797946e-02 2.867909420413099209e-02 2.871468817481623650e-02 4.186882608359058372e-02 9.554135238826391707e-02 1.234744355449063531e-02
3.474838154846717625e-02 1.158559653721449346e-02 4.123491917458633332e-04 6.390285065961557936e-04 3.771096613363895955e-03 4.933610373866600951e-02 5.492633778332155214e-02 1.405498662031494372e-01 1.548890672304945558e-02 2.459993560315673622e-02 7.912914405666840456e-02 1.051201144154261108e-01 3.098577659363111955e-02 3.471739970208070902e-02 1.060484112074422391e-01 1.734319965946210310e-02 4.934914816130116927e-02 5.090926482463514757e-02 2.543673209746750291e-02 1.477395108130220569e-01 1.716369602013265508e-02
1.270248909845480279e-01 1.275120990235113771e-01 6.895903279319813908e-03 7.936369964176910596e-03 3.068650900870744172e-02 3.584719465636723029e-02 3.542252846269811767e-02 4.518205905883257434e-02 3.023730311894985701e-02 1.655562583440211427e-02 5.845908959741682315e-02 7.739333336043884015e-02 3.250919433082286730e-02 6.963374146140557941e-02 7.482494107390028071e-02 5.610536293390679975e-03 2.541734464075171354e-02 3.877447788078473845e-02 3.455218911213305683e-02 1.002250321106832043e-01 1.929963674675869503e-02
2.250197623054014939e-01 2.982636399510284475e-01 8.319398631099353403e-02 4.405957619159726890e-02 1.741742222117063921e-01 6.186786928169232119e-03 7.684921574804688162e-03 8.083292778937996304e-03 1.439711394021716585e-02 1.176662151276201308e-02 9.497952970173686657e-03 1.109162195920666838e-02 5.954511521248691784e-03 2.443501865561192865e-02 1.486935204634583577e-02 1.563927888936140088e-03 5.369505148500268617e-03 7.801769902476622144e-03 2.397372425887658517e-02 1.929756151171592091e-02 3.315130431289575567e-03
